0.08 0.21 0.41 0.29 0.88214191932598 0.8120520235262662 0.7163451306260062 
0.29 0.05 0.54 0.11 0.8837448982397959 0.8158887740119672 0.7210375415641977 
0.29 0.0 0.01 0.69 0.889139707886148 0.8208127240332261 0.7298171856761362 
0.74 0.11 0.06 0.09 0.8709828971474018 0.7938817910252465 0.6914574623397374 
0.71 0.11 0.12 0.05 0.873141081065221 0.7968566722448271 0.6957682962578828 
0.53 0.06 0.3 0.1 0.8760576770997656 0.8017806828667599 0.7024061225757174 
0.0 0.45 0.42 0.12 0.8864280396517732 0.8185872070784213 0.7256186532545451 
0.13 0.21 0.57 0.08 0.8779845235639473 0.8080131081174453 0.7094230037639194 
0.62 0.01 0.24 0.12 0.8746502085172523 0.7994732635601532 0.6992594566768562 
0.09 0.22 0.37 0.31 0.8793746193615206 0.809835901187758 0.7121491373522787 
0.09 0.16 0.43 0.31 0.8864599466834221 0.8172382074419663 0.7244489377966609 
0.28 0.09 0.41 0.21 0.877743340510566 0.8084400217288854 0.7096028452747465 
0.1 0.0 0.44 0.45 0.8830804754779286 0.8129439365862835 0.7178949180575143 
0.04 0.02 0.54 0.39 0.8844835241030442 0.8161245933482948 0.7218487564318636 
0.19 0.42 0.31 0.08 0.8854494916892834 0.8175720095927342 0.7239187203132725 
0.19 0.12 0.6 0.09 0.8822344979520205 0.8128158694804715 0.7170942005385388 
0.0 0.64 0.1 0.25 0.886164454921109 0.8169462818795858 0.7239487565816498 
0.4 0.3 0.08 0.21 0.8853810285174656 0.8167896329691081 0.7231700453205921 
0.22 0.37 0.16 0.24 0.8835179622976623 0.8147276135005502 0.7198264809076436 
0.52 0.19 0.24 0.04 0.8729648364382573 0.7991147888899209 0.6975991109786823 
0.25 0.0 0.62 0.12 0.8820727565773524 0.812772910771423 0.7169248418755476 
0.14 0.5 0.07 0.28 0.8844748755822194 0.815661915214614 0.7214324709766005 
0.41 0.21 0.35 0.02 0.8757835891094706 0.8039833369349653 0.7041154124051127 
0.06 0.54 0.27 0.12 0.8849998991040016 0.8158736436492346 0.7220480923111868 
0.09 0.05 0.13 0.72 0.8866027082402904 0.8181488713815824 0.7253730051106481 
0.08 0.32 0.22 0.37 0.882926556480305 0.8136091244119952 0.718357102538039 
0.31 0.59 0.02 0.07 0.8745063877433917 0.8031861406732694 0.7023914105657365 
0.1 0.73 0.08 0.08 0.8812998450519403 0.811954989957191 0.7155758068384221 
0.78 0.08 0.05 0.08 0.874604358011448 0.7982608582093164 0.6981624254198266 
0.0 0.52 0.32 0.15 0.8811908617712687 0.812201964969762 0.7157049494440224 
0.1 0.64 0.01 0.24 0.8847450057142227 0.8158271911476156 0.7217990328937154 
0.47 0.25 0.01 0.26 0.8768222931744601 0.8061851448469528 0.7068811074278895 
0.26 0.08 0.29 0.36 0.8815671502564135 0.8125282002677485 0.7162981700130115 
0.25 0.26 0.33 0.15 0.8837552163296083 0.8152737364556092 0.720502417329175 
0.1 0.37 0.18 0.35 0.8836435967764923 0.8147734425841132 0.7199693353629907 
0.55 0.14 0.04 0.26 0.8771526057058577 0.8017133435942452 0.7032249483628478 
0.08 0.27 0.33 0.31 0.8790742360059538 0.8093744560884244 0.711500231628666 
0.04 0.12 0.22 0.61 0.8837421420351474 0.8147886629310597 0.7200630782846484 
0.36 0.07 0.53 0.03 0.8887481069492422 0.821051614982485 0.7297080685233016 
0.07 0.47 0.03 0.42 0.8838886461710236 0.8136655866763399 0.7191897738433017 
0.06 0.22 0.15 0.56 0.888077272422422 0.8199765557250422 0.7282025430586276 
0.41 0.28 0.21 0.1 0.8850792022308092 0.815719751018697 0.7219765864755426 
0.12 0.21 0.47 0.19 0.8870216933982547 0.819436759917359 0.7268581824146748 
0.1 0.37 0.18 0.35 0.8864840337093861 0.8178118756596874 0.7249771703502386 
0.07 0.06 0.61 0.25 0.886919041417299 0.818380886404578 0.7258375912841878 
0.08 0.57 0.18 0.16 0.8803812353104147 0.8104548064734094 0.7135092036863232 
0.39 0.03 0.17 0.4 0.8628068755655214 0.7916987670628383 0.683083139598563 
0.0 0.34 0.65 0.0 0.8765519206047113 0.8062124152277598 0.7066870409832559 
0.06 0.12 0.49 0.32 0.8832851778951969 0.8143390591952355 0.7192936207682709 
0.02 0.21 0.56 0.2 0.8874303791354261 0.8189171038118773 0.7267319159162594 
0.0 0.61 0.14 0.24 0.8722032476689127 0.7955757169711979 0.6939037241088025 
