0.21868791260045123 0.62117066117256 0.017128467254243492 0.14201292994627254 0.630555910765026 0.5181713324648413 0.3267359964746951 
0.3284823612956608 0.3870541617454472 0.173623670083986 0.10883981580648064 0.6320270828121841 0.5229768858586145 0.3305355555474207 
0.11074796363102224 0.49990085072089496 0.31197700871615053 0.07538056207758603 0.6234830648571902 0.5100629686044961 0.31801562293568797 
0.142107215249616 0.4043739637376057 0.40624914848841953 0.04575876341920382 0.6555505628672507 0.5473001304887837 0.3587829085992419 
0.036574820348515225 0.4153063531415323 0.4720394649566315 0.07472827925554215 0.6389605931698827 0.5394605462736459 0.34469403063875775 
0.49735379733188556 0.4108653796713867 0.021013999791612004 0.06950019929518492 0.657205147339971 0.5411308559839602 0.3556339839371432 
0.09727453576040956 0.2120891542427481 0.44449467935015885 0.2449699405948773 0.6487852140074395 0.5403201462246036 0.3505517217008604 
0.3015336699626096 0.43426657984771794 0.19473070396245593 0.06746907579723606 0.6565873235116473 0.5404517850582705 0.3548537910385019 
0.28748072822403914 0.28897277027737234 0.043336992308051214 0.3786201477821657 0.6189338266048569 0.5138160346436919 0.3180181244929539 
0.009474468369153888 0.34353619565393545 0.24213810891515697 0.4038280797343812 0.6443476194429184 0.5260194785283997 0.33893939877037965 
0.007936664307787698 0.32977277643467506 0.3151971082209474 0.3460930044186296 0.6644689631760494 0.5522398933169793 0.36694626933678537 
0.5238708562555108 0.393823435216094 0.07423463294103894 0.006876874234129415 0.6335653993373429 0.5205270591330113 0.32978793408549906 
0.02796645864777869 0.059505789059262626 0.02396286827395966 0.8866539892272445 0.6374493106951601 0.5328145573073926 0.3396422722839443 
0.5760983862865373 0.0038274732514955723 0.06172644084408674 0.3568792533803111 0.6547437559551729 0.5415502834154551 0.3545766666020234 
0.8921515037684168 0.008367998966351209 0.08010844555841135 0.0178857099746903 0.615892856817288 0.5091680758403002 0.31359298082944403 
0.02583169486117276 0.29710210973615137 0.3084124579013401 0.3668401093482172 0.6229611417283752 0.5162689675208741 0.32161550544573325 
0.03850091813041756 0.33364836296216616 0.25899011567739305 0.36695104871227413 0.6664771650947189 0.5568227166594449 0.37110962565952677 
0.11528386807804125 0.32877444984191156 0.19588740318073444 0.3580544999320407 0.645240621445702 0.5357292562386289 0.34567427822205665 
0.0024778822219415704 0.3236849325038629 0.29559470500318447 0.37724224726658967 0.6252339155084201 0.525149533456329 0.3283412990303206 
0.4357943428494425 0.3300431469402507 0.1783260841433325 0.05481408956842382 0.6453400432563552 0.5391965152659317 0.34796510248539236 
0.2448804639482257 0.05251654002082695 0.11329133615870313 0.5881189150287586 0.6380153656052809 0.5342321893273594 0.3408483455918049 
0.0508826094975936 0.12217379899673608 0.3657745650523022 0.4597000898045208 0.6525030405454595 0.5375854338995969 0.3507761301724371 
0.018352899008279633 0.13750924266552378 0.7909391898115247 0.051543380132311856 0.651244816110284 0.5428586017617374 0.35353385027820855 
0.054363500004289134 0.1534423359416749 0.19018380061615892 0.6009095691813228 0.6350656233465448 0.5222007477246833 0.3316317433658078 
0.31554118514243945 0.009863958942748274 0.6431658349033813 0.030214017813728677 0.637038631318083 0.5289124407268829 0.3369376573277602 
0.40797384187789254 0.0006079623711534587 0.24489276254230508 0.345196120735095 0.6429557755251267 0.5328893988709772 0.3426243167202077 
0.0004865007549818001 0.5566786959022912 0.41883825484758086 0.022626357900021987 0.6492654144937405 0.5369108220493123 0.3485976274240217 
0.0040859066029963476 0.14602496697232226 0.632818218069057 0.21567437201322204 0.633348995639417 0.5180144136720259 0.32808390862591913 
0.3496774306104842 0.18284493684763337 0.4543147595661111 0.011602012575711695 0.6291864778089423 0.524120385456556 0.32976945927327567 
0.3772664163841406 0.28024024289206073 0.11172277344163584 0.22959259372738916 0.6425841530423311 0.5289669298425173 0.3399057666002561 
0.558919027492587 0.08076041045457383 0.16855208493848772 0.1901373198506292 0.6395936799476364 0.5204570941923776 0.3328810681293564 
0.3746575015829946 0.07752807427955433 0.1686444949948861 0.37742830718335896 0.6423524974532162 0.5319257657865948 0.3416838441127337 
0.2648615019990813 0.43704402166812806 0.26146442665734326 0.03509677746811202 0.6467371605374166 0.5356697341381125 0.3464375228423157 
0.2947633319166909 0.08142068305975525 0.2421027986638714 0.37989869788670394 0.6279874355537857 0.5238124365032418 0.32894762871085104 
0.23821956626195862 0.05810897869052378 0.06106148802494049 0.6410332348678968 0.6121710288833927 0.5174693274424169 0.3167797305960216 
0.04770371483455038 0.4130393827921688 0.19270619884371865 0.3454172364775985 0.6101192733784057 0.5000915710718482 0.30511550596502135 
0.27160570774818815 0.02516926804859987 0.31459240388436194 0.3870415348452759 0.6360261580487773 0.5299630806837243 0.3370703821149634 
0.31241599094533434 0.6322151575775887 0.03989870644840021 0.014165652653307936 0.6447435652527962 0.5403584098498297 0.3483926076809109 
0.24251683693217685 0.45980393104280126 0.008296278707258797 0.28778244656932417 0.6559854059781067 0.5520158288111638 0.3621143275690324 
0.06261344440941541 0.551973605629905 0.131123564254087 0.2532580589466181 0.6253561467307112 0.5153570939211192 0.3222817264448483 
