0.1932969060280325 0.059398899572186026 0.29924652403833407 0.43370489787745403 0.9170446575731155 0.8526254059312752 0.7818955734203848 
0.04765833514690593 0.5922785729585791 0.31980408782437314 0.030258682540306413 0.9093142599172073 0.8397967482246713 0.7636391585927943 
0.17377875748022778 0.0003282780058758685 0.7218477360920085 0.09404522768951307 0.9162232974521288 0.8502684082456428 0.7790357247221956 
0.045060037070716395 0.17070707512873465 0.6105203846370603 0.16371249041796673 0.9152376293306264 0.8487142367691074 0.7767752060397097 
0.21378888140543942 0.1101685235843885 0.36762803696282526 0.2984115073368044 0.9208618167203539 0.8589986565877735 0.7910190634657606 
0.02818316303661967 0.4700178629186995 0.2473429482365162 0.24445601880163154 0.9253885438760271 0.8651832191142901 0.8006306393221466 
0.08283758940060608 0.16955903078705922 0.4848122765192833 0.24279110368180495 0.9094770167783836 0.83987655760767 0.7638484260751219 
0.2206341684116597 0.5807413340901997 0.16601185213888198 0.02015979150461065 0.926055277677081 0.8668775190069429 0.8027765015759936 
0.16189567920332554 0.4692425201703563 0.03720590626106035 0.31165591845605284 0.9112307348826457 0.8430971800628168 0.7682560629661268 
0.033774230752443346 0.20947129681124743 0.39852970727076087 0.34384084955838035 0.9241596080865688 0.8637087536830161 0.798204743304635 
0.3120905892144894 0.5794401170990859 0.08498326047823151 0.0034863070230991867 0.918826216965812 0.8543793247772937 0.7850261228389257 
0.05946706247791231 0.06014814417298777 0.8417719703175712 0.018616354211264678 0.9062530727011817 0.8342051365584127 0.7560009682691704 
0.17750071701627873 0.5805060378272672 0.0589260227819952 0.17288364421372168 0.9083878036192164 0.8362241126322975 0.759615785007481 
0.00417076608062783 0.0005760980914631952 0.960433470746991 0.018150633604056554 0.9191814878731375 0.856338538455226 0.7871305319003826 
0.5023997004269346 0.2161922889292237 0.03748244082740515 0.23176280157474538 0.9205532302891232 0.8580794340865051 0.789907794892995 
0.13646706039104817 0.06802308439700155 0.13621159029946406 0.6408468064680563 0.9250709131004733 0.8669699483479241 0.8020086817488843 
0.4096497905587748 0.30895272872182533 0.18548690403794665 0.08423268878850954 0.9153353504268538 0.848116270054402 0.7763108032529622 
0.19690827195120586 0.06211818826768034 0.29869548381255506 0.42619478843293734 0.9182539189997904 0.8536110533696271 0.7838316950581993 
0.4748754657093496 0.10406044218870047 0.38878341290403884 0.01522603056942684 0.9243341025340055 0.8639095555075809 0.7985410636606514 
0.0443158813966229 0.1397054244150533 0.20825295708921698 0.5960967224081765 0.9236316124744095 0.8630452466470716 0.7971358727990092 
0.17821340293698584 0.43399162317552553 0.12000089686412929 0.2531819509766686 0.9228348714225069 0.8606068998653787 0.794198057782589 
0.11969559719521294 0.23341666746261402 0.23536082115436274 0.39529039366558893 0.8988917185812122 0.8244430926181675 0.7410850683959541 
0.09610100630960616 0.03398051331697949 0.5141044065209689 0.34375167443749544 0.9252189156713081 0.8667221653630657 0.8019077420255039 
0.12295077661376652 0.17306120059414865 0.08832063622179265 0.5966838693143828 0.9315932019554192 0.8760834785226541 0.816153412937161 
0.5971108214750828 0.025011189753271323 0.0042097878905622554 0.3612306578842225 0.9217382802286608 0.8589523070538171 0.791729222302226 
