0.3035252989856768 0.05814690878767719 0.33216361204763956 0.30606419148598135 0.8509157258895973 
0.021060774558052886 0.029087648497497565 0.3172801577729627 0.632525739594401 0.8294213772085618 
0.30476410880764093 0.14930354715452132 0.3112823058204335 0.2346562449985996 0.8116151413435657 
0.27599207654049773 0.1536822089409169 0.2803883450243807 0.28985610538056317 0.8311748043875694 
0.3534718758186183 0.07185576393751814 0.2990449993148304 0.275610398408777 0.8250987457056078 
0.26615329897907136 0.07898066793947733 0.3561098839066058 0.2987090532119482 0.795077456455046 
0.3171931397650481 0.17487913413559833 0.3320599692933148 0.17580054947693288 0.8096905150063224 
0.1435211832850827 0.6181955945932809 0.1100208265598099 0.12818407256398717 0.8271454644011991 
0.04434509580126955 0.41505257157909636 0.3799967530054828 0.1606129601389771 0.8335967711090913 
0.06735098367381198 0.3282933241531425 0.07000124498345901 0.5343338435396104 0.8435066413182544 
0.27170973777454255 0.28229046670086533 0.13999902124877525 0.30600014739704867 0.8103927184466594 
0.05046197947792841 0.7325802153360823 0.18078980972494085 0.03615558619258863 0.8249011215568146 
0.39723276548278175 0.019295471383472318 0.5485513160623121 0.03492016859881186 0.8402865381546615 
0.1761503067232285 0.04083563920304101 0.7683913428987588 0.014572566120252373 0.8363200314283569 
0.21929390337601107 0.29356485786361075 0.15586184691373972 0.33121126784741495 0.8261032464389564 
0.37572204183345337 0.6043575484256178 0.0014902189574247382 0.018417936061847162 0.8265117206295965 
0.23663815332095184 0.26563474920569907 0.044616146732117334 0.45304157822920954 0.8339405557306904 
0.26021158643299 0.6316249531240986 0.10040350511519802 0.007765420519817878 0.797789358893175 
0.2890263653680367 0.02986059418635134 0.16243868078490398 0.518652516611678 0.8330872075900881 
0.3888695971829027 0.5221399191473368 0.011255778006348915 0.0777095747593427 0.8230421284508085 
