0.74 0.11 0.06 0.09 0.9206094695423269 0.8569722839171225 0.7889367997094185 
0.71 0.11 0.12 0.05 0.9251137387677545 0.8642675979608964 0.7995458288454314 
0.53 0.06 0.3 0.1 0.9300887442068962 0.8726543183332985 0.8116459590653428 
0.0 0.45 0.42 0.12 0.9182937013805776 0.85349738474828 0.783761272559141 
0.13 0.21 0.57 0.08 0.9127577338733331 0.8446145281110342 0.7709284426751222 
0.62 0.01 0.24 0.12 0.9246958644005447 0.8637137734681074 0.7986725543517479 
0.09 0.22 0.37 0.31 0.907602777901908 0.8363436188948521 0.7590677917895025 
0.09 0.16 0.43 0.31 0.9219771074589926 0.8596111485386265 0.7925418002691453 
0.28 0.09 0.41 0.21 0.9176101036092102 0.8527961705542714 0.7825343824198426 
0.1 0.0 0.44 0.45 0.9134688064262036 0.8465217427825564 0.7732712059934116 
0.04 0.02 0.54 0.39 0.9175223922175917 0.8520619867630703 0.7817859524125262 
0.19 0.42 0.31 0.08 0.9073608835798727 0.8355666945395415 0.7581605342473119 
0.19 0.12 0.6 0.09 0.918494283818931 0.8540075078854192 0.7844010143312081 
0.0 0.64 0.1 0.25 0.9167973460944954 0.8508311349406752 0.7800397264881785 
0.4 0.3 0.08 0.21 0.9206939314765641 0.8574291273962364 0.7894297942649606 
0.22 0.37 0.16 0.24 0.8975930727466022 0.8231448376255113 0.7388491041197855 
0.52 0.19 0.24 0.04 0.9221618383849183 0.8596047096096038 0.792694659297926 
0.25 0.0 0.62 0.12 0.8922499037300536 0.8118168414083085 0.7243434985929994 
0.14 0.5 0.07 0.28 0.9198108179843439 0.8559698034684677 0.7873302850982294 
0.41 0.21 0.35 0.02 0.9004612125914966 0.8239253704541701 0.7419128381640601 
0.06 0.54 0.27 0.12 0.9160650170486166 0.8495813607128847 0.7782717636856357 
0.09 0.05 0.13 0.72 0.902247021137909 0.8273715835472923 0.7464935466296991 
0.41 0.21 0.35 0.02 0.9208225949947494 0.8576430255480314 0.7897370763642865 
0.06 0.54 0.27 0.12 0.9204542467662418 0.8568623323302594 0.7887025726874141 
0.09 0.05 0.13 0.72 0.8974274130334441 0.8236424152823387 0.7391592820114469 
0.08 0.32 0.22 0.37 0.9279688823463065 0.8700377840956011 0.807367990106252 
0.31 0.59 0.02 0.07 0.9221041869954855 0.8599917364848256 0.793001980994176 
0.1 0.73 0.08 0.08 0.921531241874642 0.8588015543604731 0.7914124629136796 
0.78 0.08 0.05 0.08 0.9252855469144015 0.8644289581243603 0.7998436212867449 
0.0 0.52 0.32 0.15 0.9109465094082445 0.8415836082036163 0.7666376502682799 
0.1 0.64 0.01 0.24 0.9118188996767793 0.8439382266184566 0.7695188251904136 
0.47 0.25 0.01 0.26 0.9179538123206237 0.852882666864866 0.7829068955107842 
0.26 0.08 0.29 0.36 0.9214249465129514 0.859103534600656 0.791599428418497 
0.25 0.26 0.33 0.15 0.9195855622974619 0.8555517911372613 0.7867530749275592 
0.1 0.37 0.18 0.35 0.9215008004692464 0.8590845261857891 0.791647078550948 
0.55 0.14 0.04 0.26 0.917615925404279 0.8519791785796125 0.7817896623775086 
0.08 0.27 0.33 0.31 0.9197657135424242 0.8557979796236601 0.7871336393767208 
0.04 0.12 0.22 0.61 0.9114096639192629 0.8425255359717413 0.7678859155834016 
0.36 0.07 0.53 0.03 0.918045079856862 0.8534693782467364 0.7835233635079115 
0.07 0.47 0.03 0.42 0.9139350401982677 0.8471331271706873 0.7742246486340263 
0.06 0.22 0.15 0.56 0.8968668860935578 0.8199990496708367 0.73542999427796 
0.41 0.28 0.21 0.1 0.9199069846224782 0.8560432350968066 0.7874801511043745 
0.12 0.21 0.47 0.19 0.9081780108200217 0.8373296211071976 0.7604443496978172 
0.1 0.37 0.18 0.35 0.9187116242921659 0.8544440013422768 0.7849876363398607 
0.07 0.06 0.61 0.25 0.9195787595434272 0.8556256078329442 0.7868151350846097 
0.08 0.57 0.18 0.16 0.921036432837709 0.857937502305929 0.7901916967215465 
0.39 0.03 0.17 0.4 0.894229976752408 0.8152043437662053 0.7289801613745158 
0.0 0.34 0.65 0.0 0.9070188021452061 0.8352513415610732 0.757588671312901 
0.06 0.12 0.49 0.32 0.9153454312278553 0.8483538245584048 0.7765367973742133 
0.02 0.21 0.56 0.2 0.9208491164189472 0.8574906515628073 0.7896195088291185 
0.0 0.61 0.14 0.24 0.9173857599993471 0.8520123761801347 0.7816240212508625 
0.28 0.03 0.26 0.42 0.8986685565978236 0.8226681985507597 0.739306042550543 
0.03 0.3 0.24 0.42 0.8864988626666894 0.8034656354324113 0.7122713720026016 
0.17 0.01 0.37 0.44 0.9170132385142787 0.8515858958992075 0.7809155402716157 
0.29 0.16 0.26 0.28 0.9170477371995188 0.8521342612373883 0.7814477960579306 
0.02 0.06 0.7 0.22 0.915069789571975 0.848138896744546 0.7761062817718388 
0.02 0.58 0.32 0.08 0.9308417699012832 0.8745532778192372 0.8140707209982274 
0.63 0.16 0.08 0.12 0.9200638076266797 0.8558564011419258 0.7874424992163073 
0.1 0.0 0.78 0.11 0.9197291715375592 0.8559118679909214 0.7872071132564549 
0.17 0.15 0.65 0.02 0.9156603961333666 0.8494089642026635 0.7777701486410435 
0.04 0.13 0.62 0.2 0.9176423008372925 0.8525390850442554 0.7823259275537306 
0.05 0.23 0.19 0.52 0.9160319791307602 0.8500093719234665 0.7786357672427474 
0.22 0.1 0.66 0.01 0.9218474647538066 0.8594475152515091 0.7922795130235623 
0.06 0.08 0.03 0.82 0.8805735855269134 0.7955287615666276 0.7005216139625102 
0.35 0.3 0.08 0.26 0.9191422931423275 0.8553246057459063 0.7861650195063495 
0.35 0.27 0.31 0.06 0.9234132778979396 0.8620054188993755 0.7959872494316589 
0.59 0.11 0.11 0.18 0.9276528309250021 0.8684529172809213 0.8056228072407233 
0.0 0.47 0.12 0.4 0.9231353485318685 0.8614544930632559 0.7952390936982929 
0.37 0.17 0.37 0.08 0.9209162957727346 0.8576521904582558 0.7898258782981888 
0.45 0.17 0.28 0.09 0.9227254205639894 0.8607328077260334 0.7942200420022276 
0.43 0.12 0.19 0.25 0.9119542719774192 0.8430091230689927 0.7687857710987058 
0.11 0.0 0.04 0.84 0.9160696676419955 0.8498190889619 0.7784934903811511 
0.52 0.07 0.3 0.1 0.9251843708431549 0.8648497577130142 0.8001454789635699 
0.76 0.06 0.09 0.08 0.9244254127639844 0.8632690536948248 0.7980278512882125 
0.05 0.17 0.04 0.73 0.9188831324126381 0.8545005872373629 0.7851861762491067 
0.29 0.17 0.45 0.09 0.9237286054597957 0.8626595408914547 0.7968632946942511 
0.06 0.22 0.69 0.02 0.9196344330724295 0.8555899703319632 0.7868299973086917 
0.31 0.01 0.12 0.55 0.9146495417855265 0.8478404421759542 0.7754768719434747 
0.06 0.48 0.09 0.36 0.9237942520960548 0.8625164915333725 0.796787777216585 
0.13 0.57 0.21 0.09 0.9031262213507153 0.8297557361907828 0.7493741626700626 
0.1932969060280325 0.059398899572186026 0.29924652403833407 0.43370489787745403 0.9170446575731155 0.8526254059312752 0.7818955734203848 
0.04765833514690593 0.5922785729585791 0.31980408782437314 0.030258682540306413 0.9093142599172073 0.8397967482246713 0.7636391585927943 
0.17377875748022778 0.0003282780058758685 0.7218477360920085 0.09404522768951307 0.9162232974521288 0.8502684082456428 0.7790357247221956 
0.045060037070716395 0.17070707512873465 0.6105203846370603 0.16371249041796673 0.9152376293306264 0.8487142367691074 0.7767752060397097 
0.21378888140543942 0.1101685235843885 0.36762803696282526 0.2984115073368044 0.9208618167203539 0.8589986565877735 0.7910190634657606 
0.02818316303661967 0.4700178629186995 0.2473429482365162 0.24445601880163154 0.9253885438760271 0.8651832191142901 0.8006306393221466 
0.08283758940060608 0.16955903078705922 0.4848122765192833 0.24279110368180495 0.9094770167783836 0.83987655760767 0.7638484260751219 
0.2206341684116597 0.5807413340901997 0.16601185213888198 0.02015979150461065 0.926055277677081 0.8668775190069429 0.8027765015759936 
0.16189567920332554 0.4692425201703563 0.03720590626106035 0.31165591845605284 0.9112307348826457 0.8430971800628168 0.7682560629661268 
0.033774230752443346 0.20947129681124743 0.39852970727076087 0.34384084955838035 0.9241596080865688 0.8637087536830161 0.798204743304635 
0.3120905892144894 0.5794401170990859 0.08498326047823151 0.0034863070230991867 0.918826216965812 0.8543793247772937 0.7850261228389257 
0.05946706247791231 0.06014814417298777 0.8417719703175712 0.018616354211264678 0.9062530727011817 0.8342051365584127 0.7560009682691704 
0.17750071701627873 0.5805060378272672 0.0589260227819952 0.17288364421372168 0.9083878036192164 0.8362241126322975 0.759615785007481 
0.00417076608062783 0.0005760980914631952 0.960433470746991 0.018150633604056554 0.9191814878731375 0.856338538455226 0.7871305319003826 
0.5023997004269346 0.2161922889292237 0.03748244082740515 0.23176280157474538 0.9205532302891232 0.8580794340865051 0.789907794892995 
0.13646706039104817 0.06802308439700155 0.13621159029946406 0.6408468064680563 0.9250709131004733 0.8669699483479241 0.8020086817488843 
0.4096497905587748 0.30895272872182533 0.18548690403794665 0.08423268878850954 0.9153353504268538 0.848116270054402 0.7763108032529622 
0.19690827195120586 0.06211818826768034 0.29869548381255506 0.42619478843293734 0.9182539189997904 0.8536110533696271 0.7838316950581993 
0.4748754657093496 0.10406044218870047 0.38878341290403884 0.01522603056942684 0.9243341025340055 0.8639095555075809 0.7985410636606514 
0.0443158813966229 0.1397054244150533 0.20825295708921698 0.5960967224081765 0.9236316124744095 0.8630452466470716 0.7971358727990092 
0.17821340293698584 0.43399162317552553 0.12000089686412929 0.2531819509766686 0.9228348714225069 0.8606068998653787 0.794198057782589 
0.11969559719521294 0.23341666746261402 0.23536082115436274 0.39529039366558893 0.8988917185812122 0.8244430926181675 0.7410850683959541 
0.09610100630960616 0.03398051331697949 0.5141044065209689 0.34375167443749544 0.9252189156713081 0.8667221653630657 0.8019077420255039 
0.12295077661376652 0.17306120059414865 0.08832063622179265 0.5966838693143828 0.9315932019554192 0.8760834785226541 0.816153412937161 
0.5971108214750828 0.025011189753271323 0.0042097878905622554 0.3612306578842225 0.9217382802286608 0.8589523070538171 0.791729222302226 
