0.08 0.21 0.41 0.29 0.6543789006193932 0.5453991689820047 0.3568977085971749 
0.29 0.05 0.54 0.11 0.6130008093774137 0.4971193999352561 0.3047345945175262 
0.29 0.0 0.01 0.69 0.6277716700125792 0.5102092956941359 0.32029494161384947 
0.74 0.11 0.06 0.09 0.6341057469470424 0.5180651954532367 0.32850811773014016 
0.71 0.11 0.12 0.05 0.639588405453411 0.5337975450247506 0.34141072065732564 
0.53 0.06 0.3 0.1 0.6199129998969866 0.5102743151920044 0.3163256815010559 
0.0 0.45 0.42 0.12 0.6473275753657977 0.5365228798859755 0.3473060549648636 
0.13 0.21 0.57 0.08 0.6307790616532132 0.5153719539018248 0.3250858374845761 
0.62 0.01 0.24 0.12 0.6397627121923312 0.5253963836073248 0.33612901535266454 
0.09 0.22 0.37 0.31 0.6385270871307037 0.5271680899309772 0.33661110489188373 
0.09 0.16 0.43 0.31 0.6282457969391345 0.5138338902417323 0.3228139818692529 
0.28 0.09 0.41 0.21 0.618451734356107 0.49930941323742845 0.30879877259701777 
0.1 0.0 0.44 0.45 0.6312711962934207 0.5116550351632307 0.32299308613704486 
0.04 0.02 0.54 0.39 0.6416750940039725 0.5299058575365136 0.34002739094799805 
0.19 0.42 0.31 0.08 0.6643837695178922 0.5581245780935369 0.37080891105436725 
0.19 0.12 0.6 0.09 0.6293015025466534 0.5122232825102695 0.3223428813230915 
