0.27 0.02 0.24 0.46 0.5473898847594305 
0.46 0.07 0.45 0.01 0.51403433962918 
0.01 0.68 0.11 0.19 0.5297840404826717 
0.16 0.1 0.5 0.23 0.539111436009651 
0.3 0.07 0.32 0.3 0.544783253037251 
0.56 0.11 0.17 0.15 0.4747076870277586 
0.05 0.35 0.44 0.15 0.5041737841313166 
0.22 0.08 0.38 0.31 0.49647041177324747 
0.03 0.0 0.66 0.3 0.5486374778000527 
0.14 0.72 0.07 0.06 0.5009774966265826 
0.11 0.15 0.45 0.28 0.5337964770989028 
0.16 0.09 0.67 0.07 0.5364825859906722 
0.71 0.09 0.16 0.03 0.5262793211537067 
0.47 0.15 0.18 0.19 0.5221679086551877 
0.17 0.02 0.5 0.3 0.5165602117547581 
