0.18743577826115776 0.00013585201073762487 0.19147148150055004 0.6209423661908979 0.8397587905802087 
0.060234937312436676 0.0016148085828751046 0.5679908675129229 0.37009443384487906 0.8184421914917103 
0.3202155130441726 0.15025506087671436 0.03181837277555388 0.49763417502640483 0.821425366190037 
0.08477622501736948 0.46222559468881586 0.25583587508149597 0.19706257243014957 0.805939316813945 
0.11227992377612961 0.6780128088979775 0.17299614559490772 0.03663416443307055 0.8364476714993113 
0.4945532277997462 0.23382543744713613 0.18033417228583293 0.09126351360689444 0.8351379621867243 
0.34244102942540583 0.1636860476994663 0.1800074432001362 0.31381180614898524 0.8278976723642497 
0.22034331605359825 0.1119887732971998 0.6374641849728337 0.030143007543517175 0.870019188116728 
0.0759543444647045 0.1663230519651151 0.06999873080359402 0.6876568896810461 0.8313821993461735 
0.6265490975079243 0.2975552340105003 0.07000311941060622 0.005870179203563031 0.8443929150436011 
