0.09354443863225115 0.003318586882822272 0.412998415961488 0.4900876424971531 0.9617139786328219 
0.005843446760632132 0.3543692917688297 0.3631743820164456 0.27662233707493433 0.9612504727911184 
0.07253684652581016 0.4578919702792297 0.4505966402778052 0.018920701586396582 0.9583707161935485 
0.2225479051803499 0.2001502487161927 0.20421141531887627 0.37299043095571205 0.9558185606399573 
0.053263544890810866 0.2404303799933729 0.36352407906678075 0.34276071913190875 0.9588075567239939 
0.1957694904619799 0.10549651121096215 0.13919247017626613 0.559515724968637 0.9612204508122654 
0.003712332327363688 0.07970343406678013 0.7916329880502131 0.12485124622194782 0.9613983979731622 
0.006596092576257706 0.3723981539601644 0.04518084920991006 0.5758008463503554 0.9596379779838065 
0.41996681983585316 0.004935216450232205 0.03394791841627698 0.5411424133022562 0.9430991044485703 
0.014808132241847072 0.11565061141379307 0.04221396767017893 0.8272596786730008 0.9593100174185433 
0.023102593106088976 0.009679314526757965 0.021767030387910946 0.9453633715050973 0.9607360783581289 
0.12704248673108964 0.0772150976385535 0.08996732131664475 0.7057179217649624 0.9605350327848668 
0.040311549659220396 0.01358122470979854 0.20428785133283459 0.7418293563596265 0.9621623330970875 
0.007677939638254472 0.2852240202769404 0.5220068074142599 0.18505010823611523 0.9596023223578728 
