0.08 0.21 0.41 0.29 0.8204611565826954 0.7294653047374877 0.5984979476118675 
0.29 0.05 0.54 0.11 0.8072160317661081 0.7155189802126833 0.5775783918606147 
0.29 0.0 0.01 0.69 0.812904026950075 0.7167761088267817 0.5826701852868961 
0.74 0.11 0.06 0.09 0.8100668303113453 0.7124475283110303 0.5771301110220688 
0.71 0.11 0.12 0.05 0.8104434808833403 0.7125621277941039 0.5774913311950931 
0.53 0.06 0.3 0.1 0.8108956103898957 0.715345636662372 0.5800706366810827 
0.0 0.45 0.42 0.12 0.8206900487797066 0.7299970391456998 0.5991013056655258 
0.13 0.21 0.57 0.08 0.8091234585961964 0.7204843376780048 0.5829607791664171 
0.62 0.01 0.24 0.12 0.8076005842559397 0.7082406354839689 0.5719755510106513 
0.09 0.22 0.37 0.31 0.8099462899218561 0.7205992058774199 0.583646653321052 
0.09 0.16 0.43 0.31 0.8100357922720149 0.720253083004172 0.5834307767276458 
0.28 0.09 0.41 0.21 0.8086312020482245 0.7179402326876485 0.5805488733569952 
0.1 0.0 0.44 0.45 0.8193557369939025 0.7278561666370527 0.596373125840459 
0.04 0.02 0.54 0.39 0.8009982424757108 0.7078583635861827 0.566993305154265 
0.19 0.42 0.31 0.08 0.8266801768654775 0.7373330466199706 0.6095386133885586 
0.19 0.12 0.6 0.09 0.8085115835157349 0.7158993911275031 0.578812950358448 
0.0 0.64 0.1 0.25 0.8205831720089396 0.7315580583272379 0.6003042320108657 
0.4 0.3 0.08 0.21 0.8227105683431521 0.7314193822964137 0.6017464557062798 
0.22 0.37 0.16 0.24 0.831154809199834 0.7424913417470371 0.6171252494822874 
0.52 0.19 0.24 0.04 0.8149311654118148 0.7199295354481415 0.5866930153371404 
0.25 0.0 0.62 0.12 0.8129667417676453 0.722258382481588 0.5871720439204263 
0.14 0.5 0.07 0.28 0.8152373463176902 0.7226645427361245 0.5891431240980851 
0.41 0.21 0.35 0.02 0.8272360270944624 0.7377363839374206 0.6102821152914267 
0.06 0.54 0.27 0.12 0.8245062785040629 0.7360466481791794 0.6068750826956045 
0.09 0.05 0.13 0.72 0.8097271462891671 0.7177602343570693 0.5811899462857935 
0.08 0.32 0.22 0.37 0.8234403352918639 0.7346702557685989 0.6049571217390545 
0.31 0.59 0.02 0.07 0.80947735493417 0.7158706290438406 0.5794810632734685 
0.1 0.73 0.08 0.08 0.8227825677374812 0.7320591368483119 0.6023254963517382 
0.78 0.08 0.05 0.08 0.804259875572451 0.704800915494197 0.5668430965987125 
0.0 0.52 0.32 0.15 0.8175703398525815 0.7256961837154989 0.593307675550002 
0.47 0.25 0.01 0.26 0.8097064677801452 0.7134428125623252 0.5776792597229725 
0.26 0.08 0.29 0.36 0.8153105433748996 0.7246104502232884 0.59078253990668 
0.25 0.26 0.33 0.15 0.8216746781701895 0.7324706583812276 0.601852592494502 
0.1 0.37 0.18 0.35 0.8237941031093559 0.7356496684794698 0.6060238588477398 
0.55 0.14 0.04 0.26 0.8035505826911331 0.7027524015178932 0.5646971017272963 
0.08 0.27 0.33 0.31 0.808870292118628 0.7158947868468152 0.5790660253629863 
0.04 0.12 0.22 0.61 0.813900743172872 0.7247558653876621 0.5898793374579162 
0.36 0.07 0.53 0.03 0.8096992995274942 0.720771554776569 0.5836082230219308 
0.07 0.47 0.03 0.42 0.8154589634746824 0.7241068286175608 0.5904794039094157 
0.06 0.22 0.15 0.56 0.8191245489861355 0.729436285638368 0.5974991684876502 
0.06 0.22 0.15 0.56 0.8189745633087672 0.7269392135604689 0.5953447249777036 
0.41 0.28 0.21 0.1 0.8245985802368955 0.7365024772888776 0.6073188971133648 
0.12 0.21 0.47 0.19 0.8130301933649718 0.725022913569866 0.5894655196137435 
0.1 0.37 0.18 0.35 0.8239966883780372 0.7344011250037236 0.6051440949441731 
0.07 0.06 0.61 0.25 0.8205667596461852 0.7308110040709448 0.5996792175242702 
0.08 0.57 0.18 0.16 0.8155231537063583 0.7246957996128618 0.5910062039780322 
0.39 0.03 0.17 0.4 0.8190233916135927 0.72593300808715 0.5945561143677952 
0.0 0.34 0.65 0.0 0.810618993013129 0.7187922909390637 0.5826666830666238 
0.06 0.12 0.49 0.32 0.8017904352296934 0.7119653452271637 0.5708470040181465 
0.02 0.21 0.56 0.2 0.8117559693475884 0.7213889384594658 0.5855917770157915 
0.0 0.61 0.14 0.24 0.8215768363317727 0.7328532497288001 0.6020952544076461 
0.28 0.03 0.26 0.42 0.8056639037205284 0.7125072792176864 0.5740413960038138 
0.03 0.3 0.24 0.42 0.8065863824057484 0.7152272977263558 0.5768925986709406 
