0.74 0.11 0.06 0.09 0.9206094695423269 0.8569722839171225 0.7889367997094185 
0.71 0.11 0.12 0.05 0.9251137387677545 0.8642675979608964 0.7995458288454314 
0.53 0.06 0.3 0.1 0.9300887442068962 0.8726543183332985 0.8116459590653428 
0.0 0.45 0.42 0.12 0.9182937013805776 0.85349738474828 0.783761272559141 
0.13 0.21 0.57 0.08 0.9127577338733331 0.8446145281110342 0.7709284426751222 
0.62 0.01 0.24 0.12 0.9246958644005447 0.8637137734681074 0.7986725543517479 
0.09 0.22 0.37 0.31 0.907602777901908 0.8363436188948521 0.7590677917895025 
0.09 0.16 0.43 0.31 0.9219771074589926 0.8596111485386265 0.7925418002691453 
0.28 0.09 0.41 0.21 0.9176101036092102 0.8527961705542714 0.7825343824198426 
0.1 0.0 0.44 0.45 0.9134688064262036 0.8465217427825564 0.7732712059934116 
0.04 0.02 0.54 0.39 0.9175223922175917 0.8520619867630703 0.7817859524125262 
0.19 0.42 0.31 0.08 0.9073608835798727 0.8355666945395415 0.7581605342473119 
0.19 0.12 0.6 0.09 0.918494283818931 0.8540075078854192 0.7844010143312081 
0.0 0.64 0.1 0.25 0.9167973460944954 0.8508311349406752 0.7800397264881785 
0.4 0.3 0.08 0.21 0.9206939314765641 0.8574291273962364 0.7894297942649606 
0.22 0.37 0.16 0.24 0.8975930727466022 0.8231448376255113 0.7388491041197855 
0.52 0.19 0.24 0.04 0.9221618383849183 0.8596047096096038 0.792694659297926 
0.25 0.0 0.62 0.12 0.8922499037300536 0.8118168414083085 0.7243434985929994 
0.14 0.5 0.07 0.28 0.9198108179843439 0.8559698034684677 0.7873302850982294 
0.41 0.21 0.35 0.02 0.9004612125914966 0.8239253704541701 0.7419128381640601 
0.06 0.54 0.27 0.12 0.9160650170486166 0.8495813607128847 0.7782717636856357 
0.09 0.05 0.13 0.72 0.902247021137909 0.8273715835472923 0.7464935466296991 
