0.11075934676720393 0.2649471254415772 0.007107479566744245 0.6151862326116244 0.8878729604630295 0.803457105851859 0.7133678391777478 
0.06298348051955205 0.14849495945168056 0.11202327553689295 0.6749648331896188 0.855220000196666 0.7584793522278199 0.6486667117614433 
0.00046101130798330064 0.30196904465005625 0.10822140933968678 0.5883009623929342 0.7962372399647608 0.6822137529827011 0.543203995740947 
0.15242863505691792 0.1665796032402362 0.13402683710738358 0.5459572360248498 0.8766178048241007 0.7876119047232482 0.6904346189718226 
0.1695208221507587 0.10479512032639395 0.1484509188076846 0.5762330819995299 0.8681639545406501 0.7763113474915055 0.6739655293930062 
0.013922198890180634 0.10232670720824037 0.26068794281583446 0.6220284847860637 0.854146056245259 0.7614877352783226 0.650421745967113 
0.0868531243826889 0.05212408498984263 0.08559458105114638 0.7734282246517442 0.8409434822894264 0.7432695100544973 0.6250476500647848 
0.15471635699331482 0.36278658873267855 0.08088453078851221 0.40000507147625736 0.8556454737358676 0.7658411175091157 0.6552884857974935 
0.5689915850204251 0.17780496055796113 0.13708763083914766 0.11462967728279538 0.8742716873092865 0.7857637724751176 0.6869710191883314 
0.025003595433763515 0.6876765423536271 0.19181030304617508 0.09437114241316458 0.7975055895942218 0.6820442283987 0.5439340844984414 
0.3682886783370058 0.3616321363856875 0.018370885191737674 0.24999836813510698 0.8962306384537395 0.8247355135601829 0.7391532358735154 
0.19458704230020812 0.2599995026565575 0.48561522226637593 0.05787324651691514 0.8541048831824003 0.7640017856897379 0.6525376559176788 
0.0347122418234194 0.024342437614401143 0.14484762040163157 0.7950976979577264 0.8615723903531333 0.7666716199747271 0.6605431002375346 
0.04000025087863781 0.0657076924474276 0.005574172279865863 0.8867622300401742 0.837173234165778 0.7382233382795043 0.6180208196441098 
0.19482912482286874 0.11580462185675966 0.20456378321089697 0.4831478343738579 0.9063783713792206 0.8394679830729178 0.7608756233226304 
0.19454901021445636 0.3941315631171153 0.05258313470509268 0.3574061174620675 0.8502037133054913 0.7570325184029981 0.6436318582392366 
0.07280356221973117 0.38045377869836405 0.11209333737782745 0.43303834973709654 0.8869598067692779 0.8017282330232204 0.7111007186437501 
0.33736707260457577 0.640706735226169 0.004732130332820272 0.01592290331926305 0.0 0.0 0.0 
0.06000054215535 0.325570787019013 0.5487874025923909 0.06438704038534748 0.7991533723332134 0.6840292113715913 0.5466442510420356 
0.6452900614515961 0.27179698539779296 0.015573671419989443 0.06561412346994433 0.8433315104834028 0.7464673113051324 0.6295194051694418 
0.0869780684827306 0.32548075205691607 0.5619933348772268 0.023656296451815773 0.8763061747870213 0.7871115070189545 0.6897506738466277 
0.5159422190762605 0.05314483770822265 0.030415073225916966 0.3990042257762457 0.8250673105460737 0.7179925440551372 0.5923921773157055 
0.4560790190487809 0.1526842396951693 0.37376827896304776 0.016006033703480416 0.907154652684349 0.8416891413613357 0.7635422206998304 
0.08863900578446371 0.258334863015912 0.023444423541107873 0.6279094671909035 0.8403484512751414 0.7435414789645509 0.6248339303066884 
0.3094652064463608 0.06682100270734859 0.1562812441455611 0.46578654607813097 0.797937388541385 0.6852699794650156 0.546802537860123 
0.24231279287221708 0.5951482840728094 0.15150496125528035 0.00995945669974585 0.8583309086667202 0.7595906072556297 0.6519800961404304 
0.14869642838272912 0.026312469047745535 0.23216390707696 0.5910233899413873 0.6436663686739112 0.4862970276453619 0.3130130418814067 
0.7046880269679687 0.1971398809083028 0.01850542624067064 0.07863481573111741 0.7750096567870332 0.6487532280692786 0.5027900166254514 
0.4527834708209898 0.3040415529637628 0.00032919653747320865 0.24116773085682097 0.8564014500722891 0.762114999325593 0.6526763905442795 
0.03830957421210246 0.45869108989551655 0.24284674069564682 0.2591462957028535 0.755297772760291 0.6251949686479276 0.47220836736071964 
0.42356174924333234 0.001207509967223408 0.3452905496593841 0.22821852551910615 0.8690185888225813 0.7756774687997375 0.6740781393178198 
0.4357943428494425 0.3300431469402507 0.1783260841433325 0.05481408956842382 0.8671428368080362 0.7715143973687101 0.6690131831725458 
0.2448804639482257 0.05251654002082695 0.11329133615870313 0.5881189150287586 0.8642210211126405 0.7762397452197645 0.6708427052420408 
0.7799994873178675 0.02122531803243799 0.004942481593245063 0.1920563167443864 0.8560313899770008 0.763188201952189 0.6533130573311803 
0.018352899008279633 0.13750924266552378 0.7909391898115247 0.051543380132311856 0.8596186909593142 0.7692000258074785 0.6612187192704954 
0.054363500004289134 0.1534423359416749 0.19018380061615892 0.6009095691813228 0.7860240601287523 0.6570162664041109 0.5164305932895932 
0.31554118514243945 0.009863958942748274 0.6431658349033813 0.030214017813728677 0.7590090095012142 0.6305765365365968 0.47861327241134854 
0.40797384187789254 0.0006079623711534587 0.24489276254230508 0.345196120735095 0.9115645672868117 0.8482970364441744 0.7732775209569186 
0.12000003439565796 0.06707454483026987 0.6380534242057365 0.17308792465920464 0.8974200628532134 0.8256885431661664 0.7409894643053592 
0.0040859066029963476 0.14602496697232226 0.632818218069057 0.21567437201322204 0.8004877634491925 0.6869020359507438 0.5498566744669078 
