0.08 0.21 0.41 0.29 0.9694529203251715 0.9458763553528979 0.9169825949633965 
0.29 0.05 0.54 0.11 0.9647523857443461 0.9369775517896339 0.9039513284779459 
0.29 0.0 0.01 0.69 0.9656061969166598 0.9385611412436967 0.906280454170086 
0.74 0.11 0.06 0.09 0.9422382688643937 0.89544734440095 0.8437247556475697 
0.71 0.11 0.12 0.05 0.9360067557393456 0.8843865400371528 0.8277917761597202 
0.53 0.06 0.3 0.1 0.9403126560550108 0.8920512339550439 0.8388070651374172 
0.0 0.45 0.42 0.12 0.9699744316648166 0.9469263106098309 0.9184943099622322 
0.13 0.21 0.57 0.08 0.9699190844335566 0.9467775160580828 0.9182975815373325 
0.62 0.01 0.24 0.12 0.9386319771013872 0.8890500007348279 0.8344907599317213 
0.09 0.22 0.37 0.31 0.96722018897687 0.9416277030735495 0.9107613249126546 
0.09 0.16 0.43 0.31 0.9695280866658018 0.9461236417262294 0.9172934441121118 
0.28 0.09 0.41 0.21 0.9661329957109497 0.9395788843235037 0.9077581622182185 
0.1 0.0 0.44 0.45 0.9681088101945143 0.9432891609052312 0.9132065472333452 
0.04 0.02 0.54 0.39 0.9658610705729558 0.9390541097431759 0.9069958077624778 
0.19 0.42 0.31 0.08 0.9617552942492297 0.9313324829566553 0.8957139461898437 
0.19 0.12 0.6 0.09 0.9672976987080355 0.9417681321828955 0.9109701469770798 
0.0 0.64 0.1 0.25 0.9662119279880597 0.939733457127341 0.9079816754058928 
0.4 0.3 0.08 0.21 0.9655114003299794 0.9383833983025985 0.9060198689415467 
0.22 0.37 0.16 0.24 0.9575660288423377 0.9235207884130963 0.8843321339140734 
0.52 0.19 0.24 0.04 0.9434523286334581 0.8977115267834807 0.8469480303849718 
0.25 0.0 0.62 0.12 0.966147720146427 0.9396210165133111 0.9078127029060038 
0.14 0.5 0.07 0.28 0.9675922295437079 0.9423381993916383 0.9117991193335585 
0.41 0.21 0.35 0.02 0.9564553905501024 0.9215213884299995 0.8813940994710878 
0.06 0.54 0.27 0.12 0.9592853094877036 0.9267305985988454 0.8889990490886183 
0.09 0.05 0.13 0.72 0.9662989939035842 0.9399076612103516 0.9082318273898337 
0.08 0.32 0.22 0.37 0.9701247825440794 0.9471639465540019 0.9188672176842931 
0.31 0.59 0.02 0.07 0.9568589989939907 0.9221973357296775 0.8824128195412244 
0.1 0.73 0.08 0.08 0.9646726018820511 0.9368324113113193 0.9037365597471263 
0.78 0.08 0.05 0.08 0.9391916531525648 0.8900050498030382 0.8358853140386462 
0.0 0.52 0.32 0.15 0.96563802807549 0.9386181755471381 0.9063654041511526 
0.1 0.64 0.01 0.24 0.9614521122759254 0.9307365355018072 0.8948586080305894 
0.47 0.25 0.01 0.26 0.9594089881679839 0.9269372157503979 0.8893118962583374 
0.26 0.08 0.29 0.36 0.9650908927983521 0.9376022515316024 0.9048713940203793 
0.25 0.26 0.33 0.15 0.9589885454785224 0.9261771261215721 0.8881932550348044 
0.1 0.37 0.18 0.35 0.9696818500701359 0.9463160183446713 0.9176254674194655 
0.55 0.14 0.04 0.26 0.9399830670750198 0.891470240722318 0.8379669310802706 
0.08 0.27 0.33 0.31 0.9663457637540102 0.9399839799162059 0.9083495369886601 
0.04 0.12 0.22 0.61 0.9700953817023117 0.9470962947077812 0.9187737415233901 
0.36 0.07 0.53 0.03 0.9687606405458756 0.9445743017338296 0.915066405590838 
0.07 0.47 0.03 0.42 0.9662944175265833 0.9398451947630881 0.9081671650387565 
0.06 0.22 0.15 0.56 0.9704814579565106 0.947835783861868 0.9198570534256177 
0.41 0.28 0.21 0.1 0.9580547430150587 0.924463708724367 0.8856868408886714 
0.12 0.21 0.47 0.19 0.9705582632559805 0.948015982759902 0.920104745766362 
0.1 0.37 0.18 0.35 0.9624675623536876 0.9326765465034198 0.8976709221776021 
0.07 0.06 0.61 0.25 0.9694622183717061 0.9458885829729687 0.9170032439814438 
0.08 0.57 0.18 0.16 0.9641031955485001 0.9357390524831907 0.9021490106985698 
0.39 0.03 0.17 0.4 0.9641319639096148 0.9358094977525919 0.9022438489134766 
0.0 0.34 0.65 0.0 0.9691244924335637 0.9452698290388859 0.9160841432800718 
0.06 0.12 0.49 0.32 0.9591221190705884 0.9264145628691278 0.8885446986768908 
0.02 0.21 0.56 0.2 0.965671746505814 0.9387117935485685 0.9064874571416512 
0.0 0.61 0.14 0.24 0.9657870703057811 0.9389197590904567 0.906796563384182 
0.28 0.03 0.26 0.42 0.9705236200741915 0.9479245525190296 0.9199831682679767 
0.03 0.3 0.24 0.42 0.9699726262109131 0.9468923602047645 0.9184596693668653 
0.17 0.01 0.37 0.44 0.9666661810148945 0.940557100165797 0.9092047400437145 
0.29 0.16 0.26 0.28 0.9664639992703588 0.9401893441023373 0.9086591535725205 
0.02 0.06 0.7 0.22 0.9601098193089304 0.9282581392751934 0.8912297543715498 
0.02 0.58 0.32 0.08 0.9612013754679573 0.9303064544228972 0.8942118435980072 
0.63 0.16 0.08 0.12 0.9394167478211207 0.890431176406993 0.836485959898792 
0.1 0.0 0.78 0.11 0.9675002924343252 0.9421622794036713 0.9115422808436424 
0.17 0.15 0.65 0.02 0.965743354282142 0.9388362416142683 0.9066748610982029 
0.04 0.13 0.62 0.2 0.967244465773515 0.9416963626832686 0.9108505952444403 
0.05 0.23 0.19 0.52 0.9689305819064609 0.9448926480221249 0.9155353832872142 
0.22 0.1 0.66 0.01 0.9696496663075089 0.9462626316231182 0.9175432449926217 
0.06 0.08 0.03 0.82 0.966591965055107 0.9404367921396778 0.9090186469244124 
0.35 0.3 0.08 0.26 0.9586366526973463 0.9255454684152646 0.8872618097608068 
0.35 0.27 0.31 0.06 0.9611552182668741 0.9302265498830592 0.894092102590493 
0.59 0.11 0.11 0.18 0.9382926284608527 0.8884368687617948 0.8336137648120341 
0.0 0.47 0.12 0.4 0.9659826878916693 0.9392838595248638 0.9073319473170891 
0.37 0.17 0.37 0.08 0.9605811162230699 0.9291714595385888 0.8925445577661967 
0.45 0.17 0.28 0.09 0.9608631527812704 0.9296500982550469 0.8932665243927621 
0.43 0.12 0.19 0.25 0.9638263864884499 0.9351938157245814 0.9013644760761685 
0.11 0.0 0.04 0.84 0.9706800600639842 0.948244828607844 0.9204423471884244 
0.52 0.07 0.3 0.1 0.9433779186871373 0.8975321411469777 0.8467120032700457 
0.76 0.06 0.09 0.08 0.9417718990076622 0.8946147964314901 0.8425230757156376 
0.05 0.17 0.04 0.73 0.9682018969356095 0.9435071052003795 0.9135053690272331 
0.29 0.17 0.45 0.09 0.9691817583954043 0.9454612106907462 0.9163237586719052 
0.06 0.22 0.69 0.02 0.9675426255537223 0.9422397432341644 0.9116571150698485 
0.31 0.01 0.12 0.55 0.9677646647172616 0.9426619971007689 0.9122749715659298 
0.06 0.48 0.09 0.36 0.9606255502642397 0.9291777836029451 0.8925919196668858 
0.13 0.57 0.21 0.09 0.9670666484085648 0.9413779254179326 0.910375195219728 
0.11075934676720393 0.2649471254415772 0.007107479566744245 0.6151862326116244 0.8878729604630295 0.803457105851859 0.7133678391777478 
0.06298348051955205 0.14849495945168056 0.11202327553689295 0.6749648331896188 0.855220000196666 0.7584793522278199 0.6486667117614433 
0.00046101130798330064 0.30196904465005625 0.10822140933968678 0.5883009623929342 0.7962372399647608 0.6822137529827011 0.543203995740947 
0.15242863505691792 0.1665796032402362 0.13402683710738358 0.5459572360248498 0.8766178048241007 0.7876119047232482 0.6904346189718226 
0.1695208221507587 0.10479512032639395 0.1484509188076846 0.5762330819995299 0.8681639545406501 0.7763113474915055 0.6739655293930062 
0.013922198890180634 0.10232670720824037 0.26068794281583446 0.6220284847860637 0.854146056245259 0.7614877352783226 0.650421745967113 
0.0868531243826889 0.05212408498984263 0.08559458105114638 0.7734282246517442 0.8409434822894264 0.7432695100544973 0.6250476500647848 
0.15471635699331482 0.36278658873267855 0.08088453078851221 0.40000507147625736 0.8556454737358676 0.7658411175091157 0.6552884857974935 
0.5689915850204251 0.17780496055796113 0.13708763083914766 0.11462967728279538 0.8742716873092865 0.7857637724751176 0.6869710191883314 
0.025003595433763515 0.6876765423536271 0.19181030304617508 0.09437114241316458 0.7975055895942218 0.6820442283987 0.5439340844984414 
0.3682886783370058 0.3616321363856875 0.018370885191737674 0.24999836813510698 0.8962306384537395 0.8247355135601829 0.7391532358735154 
0.19458704230020812 0.2599995026565575 0.48561522226637593 0.05787324651691514 0.8541048831824003 0.7640017856897379 0.6525376559176788 