0.0974399391767791 0.1084478730118477 0.49039108839645207 0.3027210188171746 0.40212569258227404 0.33607596454470884 0.1351447800027968 
0.07094256228037314 0.16715074217723994 0.49503704220809047 0.26486965640758175 0.3921142083915493 0.32854615214216415 0.1288276143673142 
0.08305675059752538 0.1433017795229774 0.4183840789473847 0.3534551879149237 0.37493062445871533 0.3125221717053664 0.11717413299468687 
0.19454901021445636 0.3941315631171153 0.05258313470509268 0.3574061174620675 0.39614962084314864 0.33073951816904923 0.13102233472051453 
0.07280356221973117 0.38045377869836405 0.11209333737782745 0.43303834973709654 0.3754379545758909 0.3125116010851227 0.11732871629263524 
0.0974918006441845 0.22999339478729308 0.039884763726933614 0.6314826699288498 0.3983464906897668 0.3335262142694798 0.1328589970072905 
0.07450292155868798 0.22343884506838163 0.27850757192589815 0.4217307416451007 0.41529586918500366 0.3476478482468249 0.1443767153079614 
0.6452900614515961 0.27179698539779296 0.015573671419989443 0.06561412346994433 0.3934445439551869 0.32610006701215866 0.12830229214935465 
0.03203145426114476 0.4699990008949575 0.08367188939815684 0.4126884301938398 0.4110556991052403 0.34458680356261223 0.1416443694408697 
0.29126663601800523 0.2499989324741725 0.39578289676100725 0.06186065074956729 0.415296918192656 0.34668634083166955 0.14397776892688113 
0.2799200228310751 0.01118441247845763 0.29583220815180933 0.4110633743972148 0.3965033421187655 0.3309387521309265 0.13121832125652608 
0.16149298265058287 0.15528305221116523 0.42581905163949574 0.2560624142402058 0.3936731864447955 0.3298246604367476 0.1298431250422071 
0.35016416734546896 0.2484702287617929 0.2996210373163556 0.10007405383882577 0.40422044389534156 0.33795682129699844 0.13660905632213133 
0.19805981228335284 0.48159116443156014 0.19831803199080386 0.12003099629359101 0.40129548003931614 0.3344479510011948 0.13421245104519014 
0.025956086877718894 2.711598519728591e-05 0.7577972946774028 0.21433869969473138 0.3977060224104032 0.32922632670292906 0.13093529286580982 
0.19025463930535588 0.5900591831799632 0.0182978236192303 0.19938835970863447 0.40880103783945726 0.3424201186870367 0.13998169989637074 
0.24641076818131338 0.20996892151903188 0.44831416762662324 0.09330622978735263 0.38195314483147624 0.31871129532209974 0.12173278154158935 
0.34232410593159707 0.2200001869797706 0.347419384253692 0.0892556468696205 0.38680571294778215 0.32366176535063385 0.1251942199003897 
0.4394970475514559 0.030007611756000235 0.31603268521780137 0.2124626927450454 0.4169172648416572 0.3493779705081601 0.14566170786019128 
0.23007388521662533 0.5898792723978887 0.040628973025844506 0.1375725940796235 0.39976330687713973 0.3352494063679704 0.13402041131825787 
0.4560790190487809 0.1526842396951693 0.37376827896304776 0.016006033703480416 0.40831784974628554 0.34161697985700507 0.13948831065203246 
