0.029905607002359003 0.2838852391549197 0.16306410760503076 0.521794049112487 0.8901358984025112 0.8227600114253633 0.7323682219397761 
0.07156769066835342 0.26780467274578934 0.184210515276473 0.4744171213126208 0.8806979555611626 0.810644876116475 0.7139332850819115 
0.007071218472531116 0.7183946803590107 0.037709529340434034 0.23558161638743114 0.8823966620922448 0.8115238620280171 0.7160859470617297 
0.043835402365408505 0.20039230913626638 0.17974970324560668 0.574414884727928 0.8843932907606584 0.8136120844426843 0.7195530687629043 
0.07280356221973117 0.38045377869836405 0.11209333737782745 0.43303834973709654 0.8856398479527988 0.8166273064517068 0.7232376835199933 
0.33736707260457577 0.640706735226169 0.004732130332820272 0.01592290331926305 0.8829934256171447 0.8137527587128804 0.718538336021288 
0.07450292155868798 0.22343884506838163 0.27850757192589815 0.4217307416451007 0.8826944289496593 0.8142451862742603 0.7187296897233673 
0.6452900614515961 0.27179698539779296 0.015573671419989443 0.06561412346994433 0.8713619309928344 0.793840785278521 0.6917226395611601 
0.5689915850204251 0.17780496055796113 0.13708763083914766 0.11462967728279538 0.8740209052185974 0.7962642510540874 0.695951601499502 
0.025003595433763515 0.6876765423536271 0.19181030304617508 0.09437114241316458 0.8892236269684907 0.820436513352093 0.7295515321003306 
0.4560790190487809 0.1526842396951693 0.37376827896304776 0.016006033703480416 0.8862760630255637 0.8163250511111784 0.7234893524479572 
0.08863900578446371 0.258334863015912 0.023444423541107873 0.6279094671909035 0.8889463532788188 0.820683191190965 0.7295433300064319 
0.3094652064463608 0.06682100270734859 0.1562812441455611 0.46578654607813097 0.8878457384343049 0.8207647910719246 0.7287125220101308 
0.24231279287221708 0.5951482840728094 0.15150496125528035 0.00995945669974585 0.8751634870963894 0.8020465121153367 0.7019218223563546 
0.003442424902881047 0.25036832178011226 0.19215223333370368 0.5523164093831234 0.8810198234854514 0.8128653696497952 0.7161505044862987 
0.04194651520599035 0.31774838082949586 0.08869593513087104 0.5502943053335831 0.8857446029900308 0.8161125390906991 0.7228672769320773 
0.1660501657509295 0.13282804692798003 0.05420880929019931 0.6449129846514149 0.8865812366347917 0.817451385458648 0.724737060208752 
0.07158261468778382 0.2594035271107231 0.14572527126247162 0.5222885869115079 0.8863639240709028 0.8188296569311108 0.7257810678630905 
0.3028086560809651 0.06944142706037981 0.1255532573111917 0.500408554690223 0.8870527212421042 0.8179933610792167 0.7256032369032943 
0.2870127362439262 0.02618883374122527 0.17340572374187457 0.5115626518077222 0.8903834573268463 0.8226071185093174 0.7324357702000008 
0.27982547200042296 0.0244466112850813 0.20583952212121226 0.4888794748024127 0.8864730810400419 0.8177730766072868 0.7249338188116558 
0.2391303608991009 0.016166369150457105 0.032091624086734605 0.7106497175188433 0.8886811055246898 0.8202318310108657 0.7289245303692767 
0.3170049628660758 0.006771784868558117 0.1572174584890912 0.517241678145291 0.8863608436521591 0.8177775170370235 0.724845969920704 
0.25256183098034934 0.021602092413575025 0.17189497098791096 0.5527540759943023 0.886395921123604 0.8187336406026715 0.7257221595168868 
0.24290419295321863 0.06799635915366298 0.000885509723317246 0.6862724912485233 0.8776405101733599 0.8071365094552795 0.7083756979378764 
0.2163675094198937 0.006914333941087758 0.09370864210928498 0.681613453736149 0.8883506245879402 0.8201971979121311 0.7286226930505201 
0.08902629919890259 0.23016526999409836 0.17907793571742514 0.5004313396963209 0.8855879283709628 0.815759790230294 0.7224270226783772 
0.17513309428220458 0.00872338579665588 0.061747168398276764 0.7526861772951132 0.8866957954487714 0.8202170841031466 0.7272830398295115 
0.004760493024145658 0.2975861313620881 0.1939774107000898 0.5016771723477782 0.8837438355830999 0.8146172017277863 0.7199129303868856 
0.031007251606488206 0.28287262287337556 0.1328985333511684 0.552187721416051 0.882102241715771 0.8130977174037375 0.7172353192558133 
0.2508268712071072 0.05859748080702387 0.16608528431209524 0.5233883323946384 0.880621201142426 0.8118460494486441 0.7149288432081984 
0.07196378646635149 0.034061379170514994 0.07547743741986446 0.8167078136067029 0.8824418555985877 0.812876442676228 0.7173161964475897 
0.35848216237245156 0.03470153003394716 0.08453250414424063 0.5212435260304563 0.8805338279902344 0.8103963400503131 0.713581391493778 
0.4512412868518437 0.0695241295174106 0.4572036193965352 0.020934467682195423 0.884044099905539 0.8158710896849154 0.7212660231194523 
0.008359820307027643 0.1659617209289206 0.31265159258190955 0.5120156518154674 0.8851786508584562 0.8159434238869578 0.7222556991330867 
