0.02 0.21 0.56 0.2 0.5182665232906046 0.43864868213214153 0.22733692743463055 
0.0 0.61 0.14 0.24 0.4995672277215515 0.4182051896517193 0.2089216072130751 
0.28 0.03 0.26 0.42 0.5374596535260483 0.4534141832614355 0.24369182983948728 
0.03 0.3 0.24 0.42 0.4716788552001745 0.3972712702064143 0.18738445793488068 
0.17 0.01 0.37 0.44 0.4805779830085463 0.40406339807675146 0.19418397285530456 
0.29 0.16 0.26 0.28 0.46838352308840675 0.3918940201668609 0.18355670184303344 
0.02 0.06 0.7 0.22 0.47988508186818785 0.40479465153277355 0.1942549144906096 
0.02 0.58 0.32 0.08 0.43674828711290825 0.36398992413937775 0.15897197589423065 
0.63 0.16 0.08 0.12 0.3903689617421523 0.31867325616942505 0.12440014814584939 
0.1 0.0 0.78 0.11 0.5245432425723782 0.44148108860962326 0.2315759217536752 
0.17 0.15 0.65 0.02 0.5649404395553876 0.47753802151477404 0.2697805397789666 
