0.08 0.21 0.41 0.29 0.5321611389150844 0.449688620844154 0.23930680862557857 
0.29 0.05 0.54 0.11 0.44452480274724165 0.3733137173804494 0.1659472065813838 
0.29 0.0 0.01 0.69 0.42223294744136375 0.3531771445068168 0.1491230266940377 
0.74 0.11 0.06 0.09 0.41521802139392217 0.3411986958135139 0.14167184737787397 
0.71 0.11 0.12 0.05 0.3948191397363754 0.32542491249308164 0.12848398399930375 
0.53 0.06 0.3 0.1 0.3827857909314747 0.3158998462307871 0.12092197249458307 
0.0 0.45 0.42 0.12 0.5240382092233525 0.44262161215980855 0.23195063699977936 
0.13 0.21 0.57 0.08 0.527676241324324 0.44538930072403027 0.2350213521321253 
0.62 0.01 0.24 0.12 0.43002286353033026 0.3560497895721784 0.1531095500711997 
0.09 0.22 0.37 0.31 0.5355049737125946 0.45229887298891 0.24220829609016242 
0.09 0.16 0.43 0.31 0.5628487389667917 0.47741381889488316 0.2687117659303052 
0.28 0.09 0.41 0.21 0.4363522061969355 0.3647940247251426 0.1591786774962754 
0.1 0.0 0.44 0.45 0.5080714102312991 0.4300567807859885 0.21849955509346983 
0.04 0.02 0.54 0.39 0.521584445293625 0.4393751358369857 0.22917123650134533 
0.19 0.42 0.31 0.08 0.500339994399463 0.4201019679970465 0.21019381631484563 
0.19 0.12 0.6 0.09 0.5054614853798137 0.42849028607574385 0.2165853364706668 
0.0 0.64 0.1 0.25 0.5062991354083137 0.42499625230282073 0.2151752350926917 
0.4 0.3 0.08 0.21 0.4708684590418934 0.3944988495826817 0.18575706539679704 
0.22 0.37 0.16 0.24 0.48472023779825746 0.4085630296492053 0.1980387688871393 
0.52 0.19 0.24 0.04 0.44690709897151293 0.3680142706978168 0.16446819009767835 
0.25 0.0 0.62 0.12 0.5162008078244172 0.43707544076358656 0.2256186956023766 
0.14 0.5 0.07 0.28 0.5352098148592476 0.4496631640066741 0.24066413875703552 
0.41 0.21 0.35 0.02 0.48881921135839707 0.4113592596089646 0.20108030886702818 
0.06 0.54 0.27 0.12 0.4864782870553195 0.4081240006836425 0.19854346475874246 
0.09 0.05 0.13 0.72 0.4167628837715887 0.34976234800831574 0.14576796479066764 
0.08 0.32 0.22 0.37 0.47557744919342093 0.3999059460970953 0.19018624976213827 
