60 - 80 ==>
0.17 0.15 0.65 0.02 0.5020684753366401 0.4215047843461762 0.211624264423784 
0.04 0.13 0.62 0.2 0.4965478679977034 0.41837267094108255 0.20774205778429924 
0.05 0.23 0.19 0.52 0.5039431354444251 0.4242014803864426 0.21377342408611072 
0.22 0.1 0.66 0.01 0.4609527598239472 0.37804342408841973 0.17426015966685196 
0.06 0.08 0.03 0.82 0.18176152572038407 0.11950912683237012 0.021722161230562483 
0.35 0.3 0.08 0.26 0.5004665863679975 0.4214853009844428 0.21093930978797204 
0.35 0.27 0.31 0.06 0.5242702919964375 0.4370361704051435 0.22912508067130938 
0.59 0.11 0.11 0.18 0.399232587418549 0.3295299800278338 0.13155910655849487 
0.0 0.47 0.12 0.4 0.4646825764408652 0.38896874409875765 0.18074699816277828 
0.37 0.17 0.37 0.08 0.4982980370070133 0.41872307562922356 0.2086488866355813 

0.43 0.12 0.19 0.25 0.5097992717837662 0.430187455826227 0.2193092517107216 
0.11 0.0 0.04 0.84 0.4562059465767688 0.3833664979402215 0.17489407607863963 
0.52 0.07 0.3 0.1 0.4246259535787318 0.34995627116418326 0.14860051535394855 
0.76 0.06 0.09 0.08 0.42992334888481637 0.3515286075995734 0.1511303562080251 
0.05 0.17 0.04 0.73 0.3932190645318541 0.3201086659558914 0.12587283017571538 
0.29 0.17 0.45 0.09 0.5122171947814467 0.4336935714550158 0.2221453045654351 
0.06 0.22 0.69 0.02 0.48080236894876394 0.3950957804594071 0.18996298720654367 
0.31 0.01 0.12 0.55 0.48488232532856074 0.3976449368886212 0.19281100165368342 
0.06 0.48 0.09 0.36 0.5095637305648654 0.42453626090086277 0.21632828086470263 
0.13 0.57 0.21 0.09 0.5146339109388288 0.4324707373476969 0.22256410692784429 



