0.11044285971934294 0.1593367873073898 0.3959359587754982 0.32428431305665983 0.965283841074241 0.9339545658997628 0.9015312507605484 
0.2830204983759024 0.15081365030002214 0.33466122158435774 0.2115450874053071 0.9638472467101509 0.9313471557283703 0.8976763917801199 
0.09503327044497631 0.2954988946143983 0.2626542388019171 0.3268168331636897 0.961164953134646 0.9261103152809604 0.8901447777845366 
0.3142836219183828 0.23080269325494962 0.34898749371583226 0.09592618287683817 0.9591006094433978 0.9221712504445487 0.884455008312547 
0.3097950102676759 0.13405501634334357 0.3119297096508304 0.2288949628947646 0.9572510533160679 0.9187908934537388 0.8795135505358025 
0.11110258151420242 0.1072253414547205 0.47147167094695297 0.30020037809756966 0.9574181713065373 0.9190163759536117 0.8798829780662681 
0.20701388026796463 0.1476065782149314 0.5859348823125907 0.047782151180916 0.9548534822261502 0.9142074444748539 0.8729341618338841 
0.26212673161995326 0.19487615344333098 0.3670141974554949 0.16217831316913056 0.9413238292199752 0.8911442477612879 0.8388553156900098 
0.37644091127955215 0.2718004372909977 0.2895368595192084 0.05125240770412198 0.9597303206564789 0.9237596604178753 0.8865601551023675 
0.1051267046954384 0.1945562314545181 0.35310958921867164 0.33720712496194644 0.9526775793625701 0.910470404365938 0.8673847409126022 
0.12680032015456266 0.2140369405742385 0.3235281956455063 0.32562370869222346 0.9649263154842929 0.9334428043991813 0.9007035259642274 
0.07168969737871432 0.03706200495945874 0.5618502181773233 0.309398395794329 0.9604847499255209 0.9246751886470455 0.8881364173299913 
0.3651132913643432 0.09478040238717488 0.4625246884482502 0.05758175300473074 0.9628687663377755 0.929225223998083 0.8947219450809774 
0.05859365153685309 0.40774436938944386 0.21507781878342538 0.30858127398802065 0.9569183219501148 0.9186628754138686 0.8790853371789066 
0.3389503107277442 0.03657181488028822 0.5460960817713185 0.058381868037173636 0.9551433396168866 0.9155445794259364 0.8744763071610268 
0.38802253377183604 0.3738309613398372 0.16315986152644868 0.05803434342008962 0.9481353030083469 0.9035959403974404 0.8567312107458394 
0.3045106788958095 0.0851099836547982 0.3893221267097593 0.2110513823170071 0.9648050160025725 0.9328722232120865 0.9000398002444925 
0.11875729698041679 0.42147476618867186 0.12623230244433817 0.32353549910386176 0.9610713849737181 0.9263211435764409 0.8902607443874485 
0.17180246973022015 0.24660195299917936 0.47809919746354695 0.09349634586681603 0.960100938373336 0.9243468295909447 0.8874662584726841 
0.4510094771177533 0.1497281083502634 0.32892463002572603 0.059716630043885055 0.9480650083133069 0.9028426728216291 0.855953546114246 
0.3062963050152536 0.3211660460094289 0.14480679000529506 0.21089294495614963 0.9414038127292292 0.8912135056345535 0.8389917921601511 
0.06307748998556728 0.1976835754990539 0.41034314645128883 0.30889578821417407 0.9328500241150368 0.876378654866643 0.8175298493262515 
0.13033336339114313 0.23262837071406717 0.2626003894716755 0.35443795675156897 0.9516821456339832 0.9091467696283153 0.8652187484160798 
0.11271359014467419 0.22299046599569294 0.3311909550416998 0.31314331722081323 0.9642045313265327 0.9316207401554969 0.8982729391357084 
0.13049600399605063 0.1966725058594927 0.33704034499625013 0.3157916218671754 0.9594500543114329 0.923457776181141 0.8860116135113109 
0.06371352183178593 0.5682439619510532 0.262840499496578 0.09520201664990093 0.9327415083399047 0.8754412110640922 0.8165603556708342 
0.10529325904837268 0.1558906300193271 0.41302517776326786 0.31576104920936204 0.9521838118933881 0.9101032634318633 0.8665855945911639 
