0.08 0.21 0.41 0.29 0.9482209802538646 0.9021328509262313 0.8554212962244845 
0.29 0.05 0.54 0.11 0.9424031072072402 0.8916528799000134 0.8402964445680567 
0.29 0.0 0.01 0.69 0.9541600933805567 0.9129521712722818 0.8711025289931424 
0.74 0.11 0.06 0.09 0.9459992212117433 0.8981643170289402 0.8496627444295547 
0.71 0.11 0.12 0.05 0.9499424367019073 0.9055943912685025 0.8602625427051817 
0.53 0.06 0.3 0.1 0.9507325081545059 0.9073173058352436 0.8626160578687301 
0.0 0.45 0.42 0.12 0.9583771275556087 0.9208994054241905 0.8825689269381035 
0.13 0.21 0.57 0.08 0.9572840569433276 0.9186599267747418 0.8794185016541851 
0.62 0.01 0.24 0.12 0.9506482619379165 0.9066052371815226 0.8618626929904271 
0.09 0.22 0.37 0.31 0.9590688082737473 0.922038424098587 0.8842982925828359 
