0.08 0.21 0.41 0.29 0.9637906200500103 0.9352798764073589 0.9014139720029454 
0.29 0.05 0.54 0.11 0.9539066637827627 0.9180192918530865 0.875704719979792 
0.29 0.0 0.01 0.69 0.9569298480801952 0.9227088264862112 0.8829676171517054 
0.74 0.11 0.06 0.09 0.9413126250923439 0.8940870254765663 0.841615405012352 
0.71 0.11 0.12 0.05 0.939794583627769 0.8915117958907016 0.8378379570183465 
0.53 0.06 0.3 0.1 0.9425293872851239 0.8962582665648312 0.8447497548345776 
0.0 0.45 0.42 0.12 0.9638718024017786 0.935514742418327 0.9017162809481885 
0.13 0.21 0.57 0.08 0.9635191142030404 0.9347477381253155 0.9006473126417995 
0.62 0.01 0.24 0.12 0.9420125249425365 0.8953879872545474 0.8434666986768719 
0.09 0.22 0.37 0.31 0.963624953648411 0.9349486353022105 0.9009398353567377 
0.09 0.16 0.43 0.31 0.9630830815471769 0.934069405192579 0.8995864411318075 
0.28 0.09 0.41 0.21 0.9640219812694829 0.9357651763107533 0.9020981992700794 
0.1 0.0 0.44 0.45 0.9633476884563532 0.9345228448760886 0.9002704224210352 
0.04 0.02 0.54 0.39 0.9597324782627537 0.9281489537092723 0.8907746955403817 
0.19 0.42 0.31 0.08 0.9620755646482638 0.9320704382196605 0.8967221931421346 
0.19 0.12 0.6 0.09 0.9561878568279981 0.9215373551162509 0.8811628285755497 
0.0 0.64 0.1 0.25 0.9584871392696153 0.9254550940248487 0.88703680559437 
0.4 0.3 0.08 0.21 0.9584036345823965 0.925338686793393 0.8868479606424897 
0.22 0.37 0.16 0.24 0.9609087103702627 0.9299311417187341 0.8935789341220949 
0.52 0.19 0.24 0.04 0.9445545205353787 0.8998860203588109 0.8499914084965067 
0.25 0.0 0.62 0.12 0.9616731073167115 0.9314125601150715 0.8957144108796741 
0.14 0.5 0.07 0.28 0.9553175177030097 0.9198360566233394 0.8787354983071337 
0.41 0.21 0.35 0.02 0.9590954656470956 0.9268123156891187 0.8889014894833183 
0.06 0.54 0.27 0.12 0.9576108425248436 0.9237387202103937 0.8845822141334959 
0.09 0.05 0.13 0.72 0.9651037481578213 0.9378186877196365 0.9050923306106705 
0.08 0.32 0.22 0.37 0.9617578189231188 0.9318471473006305 0.8962112799575847 
0.31 0.59 0.02 0.07 0.9569339724314455 0.9226379571040731 0.8829036054076344 
0.1 0.73 0.08 0.08 0.9549888540579372 0.919108342957887 0.877738223196442 
0.78 0.08 0.05 0.08 0.9410257177520163 0.8935143977423092 0.8408200274572171 
0.0 0.52 0.32 0.15 0.9545244109642746 0.9181774785615571 0.8764228168846332 
0.1 0.64 0.01 0.24 0.9557160639330328 0.9205506169845964 0.8797850123156433 
0.47 0.25 0.01 0.26 0.9447738776265073 0.9002890833607158 0.8505696082715174 
0.26 0.08 0.29 0.36 0.9624003527025243 0.9329558377889883 0.8978770273440014 
0.25 0.26 0.33 0.15 0.9613633198230872 0.9308680778195264 0.8949024256099158 
0.1 0.37 0.18 0.35 0.961935909342967 0.9318822346521848 0.8964109847907056 
0.55 0.14 0.04 0.26 0.9418921762544006 0.8951129169721107 0.8430998533602859 
0.08 0.27 0.33 0.31 0.9612790591878619 0.9309455931950913 0.8948985039816634 
0.04 0.12 0.22 0.61 0.9611734832604604 0.9306364003314023 0.8945030305555102 
0.36 0.07 0.53 0.03 0.9612521188986922 0.930712247846453 0.8946491203273678 
0.07 0.47 0.03 0.42 0.9580051714377202 0.9245442603200182 0.8857181826096393 
0.06 0.22 0.15 0.56 0.9624828398731918 0.9329169996694224 0.8979166032078033 
0.41 0.28 0.21 0.1 0.9601872795935805 0.9285882931259544 0.8916186670390565 
0.12 0.21 0.47 0.19 0.961480816879544 0.9311668675502718 0.8952990804634015 
0.1 0.37 0.18 0.35 0.9615070762930692 0.9310221014188893 0.8951843386995056 
0.07 0.06 0.61 0.25 0.9623564564347009 0.9327100469749172 0.8975995356878248 
0.08 0.57 0.18 0.16 0.9542301235089472 0.9177382917975013 0.8757335235308199 
0.39 0.03 0.17 0.4 0.956356127214504 0.9215924418894865 0.8813705785955872 
0.0 0.34 0.65 0.0 0.9621961617100725 0.9324260906968638 0.8971768055468503 
0.06 0.12 0.49 0.32 0.9611019038315365 0.9305375801452995 0.8943414398644384 
0.02 0.21 0.56 0.2 0.964241449340563 0.9362280234200563 0.9027498662158057 
0.0 0.61 0.14 0.24 0.9541776979169015 0.9177845526095189 0.8757295515926441 
0.28 0.03 0.26 0.42 0.9637546489651356 0.9352260829341263 0.9013284852612178 
0.03 0.3 0.24 0.42 0.9640677202308353 0.9358892919569518 0.9022606560853892 
0.17 0.01 0.37 0.44 0.9645032546201612 0.9366284821944341 0.9033812194464733 
