0.08 0.21 0.41 0.29 0.9694529203251715 0.9458763553528979 0.9169825949633965 
0.29 0.05 0.54 0.11 0.9647523857443461 0.9369775517896339 0.9039513284779459 
0.29 0.0 0.01 0.69 0.9656061969166598 0.9385611412436967 0.906280454170086 
0.74 0.11 0.06 0.09 0.9422382688643937 0.89544734440095 0.8437247556475697 
0.71 0.11 0.12 0.05 0.9360067557393456 0.8843865400371528 0.8277917761597202 
0.53 0.06 0.3 0.1 0.9403126560550108 0.8920512339550439 0.8388070651374172 
0.0 0.45 0.42 0.12 0.9699744316648166 0.9469263106098309 0.9184943099622322 
0.13 0.21 0.57 0.08 0.9699190844335566 0.9467775160580828 0.9182975815373325 
0.62 0.01 0.24 0.12 0.9386319771013872 0.8890500007348279 0.8344907599317213 
0.09 0.22 0.37 0.31 0.96722018897687 0.9416277030735495 0.9107613249126546 
0.09 0.16 0.43 0.31 0.9695280866658018 0.9461236417262294 0.9172934441121118 
0.28 0.09 0.41 0.21 0.9661329957109497 0.9395788843235037 0.9077581622182185 
0.1 0.0 0.44 0.45 0.9681088101945143 0.9432891609052312 0.9132065472333452 
0.04 0.02 0.54 0.39 0.9658610705729558 0.9390541097431759 0.9069958077624778 
0.19 0.42 0.31 0.08 0.9617552942492297 0.9313324829566553 0.8957139461898437 
0.19 0.12 0.6 0.09 0.9672976987080355 0.9417681321828955 0.9109701469770798 
0.0 0.64 0.1 0.25 0.9662119279880597 0.939733457127341 0.9079816754058928 
0.4 0.3 0.08 0.21 0.9655114003299794 0.9383833983025985 0.9060198689415467 
0.22 0.37 0.16 0.24 0.9575660288423377 0.9235207884130963 0.8843321339140734 
0.52 0.19 0.24 0.04 0.9434523286334581 0.8977115267834807 0.8469480303849718 
0.25 0.0 0.62 0.12 0.966147720146427 0.9396210165133111 0.9078127029060038 
0.14 0.5 0.07 0.28 0.9675922295437079 0.9423381993916383 0.9117991193335585 
0.41 0.21 0.35 0.02 0.9564553905501024 0.9215213884299995 0.8813940994710878 
0.06 0.54 0.27 0.12 0.9592853094877036 0.9267305985988454 0.8889990490886183 
0.09 0.05 0.13 0.72 0.9662989939035842 0.9399076612103516 0.9082318273898337 
0.08 0.32 0.22 0.37 0.9701247825440794 0.9471639465540019 0.9188672176842931 
0.31 0.59 0.02 0.07 0.9568589989939907 0.9221973357296775 0.8824128195412244 
0.1 0.73 0.08 0.08 0.9646726018820511 0.9368324113113193 0.9037365597471263 
0.78 0.08 0.05 0.08 0.9391916531525648 0.8900050498030382 0.8358853140386462 
0.0 0.52 0.32 0.15 0.96563802807549 0.9386181755471381 0.9063654041511526 
0.1 0.64 0.01 0.24 0.9614521122759254 0.9307365355018072 0.8948586080305894 
0.47 0.25 0.01 0.26 0.9594089881679839 0.9269372157503979 0.8893118962583374 
0.26 0.08 0.29 0.36 0.9650908927983521 0.9376022515316024 0.9048713940203793 
0.25 0.26 0.33 0.15 0.9589885454785224 0.9261771261215721 0.8881932550348044 
0.1 0.37 0.18 0.35 0.9696818500701359 0.9463160183446713 0.9176254674194655 
0.55 0.14 0.04 0.26 0.9399830670750198 0.891470240722318 0.8379669310802706 
0.08 0.27 0.33 0.31 0.9663457637540102 0.9399839799162059 0.9083495369886601 
0.04 0.12 0.22 0.61 0.9700953817023117 0.9470962947077812 0.9187737415233901 
