0.08 0.21 0.41 0.29 0.7323515145790517 0.6456932212380446 0.47287440852710866 
0.29 0.05 0.54 0.11 0.7503533220700409 0.6636449209580234 0.4979681711157626 
0.29 0.0 0.01 0.69 0.7425101460187735 0.6572987207928456 0.4880509691538488 
0.74 0.11 0.06 0.09 0.7499242856808779 0.6505031373781461 0.4878281006314762 
0.71 0.11 0.12 0.05 0.5893674424813337 0.4994097038085827 0.29433581988402474 
0.53 0.06 0.3 0.1 0.7518302822166061 0.6561172365963892 0.493288807157443 
0.0 0.45 0.42 0.12 0.7551110451334399 0.6752076358802689 0.5098567436116289 
0.13 0.21 0.57 0.08 0.7665584783199275 0.6857144992293822 0.5256402630911864 
0.62 0.01 0.24 0.12 0.7273738962371064 0.6285332514336232 0.4571786800098513 
0.09 0.22 0.37 0.31 0.7496870110836718 0.6658378352811402 0.4991699765983401 
0.09 0.16 0.43 0.31 0.7824968702309776 0.6943905795036049 0.5433584551794457 
0.28 0.09 0.41 0.21 0.7575840129699918 0.6775473371866316 0.5132990306829806 
0.1 0.0 0.44 0.45 0.6346748195008223 0.5399953517548929 0.3427214524063197 
0.04 0.02 0.54 0.39 0.7426827875353776 0.6596572182657316 0.48991606167942664 
0.19 0.42 0.31 0.08 0.7205549728803917 0.6380585768541746 0.45975628054126105 
0.19 0.12 0.6 0.09 0.8036630636031906 0.7222316774939305 0.5804309225660437 
0.0 0.64 0.1 0.25 0.6685797277848259 0.5416431848247719 0.3621316530666521 
0.4 0.3 0.08 0.21 0.7380208744936256 0.6530542477898054 0.48196766704560906 
0.22 0.37 0.16 0.24 0.7068361155860249 0.6280032231368129 0.44389535881752845 
0.52 0.19 0.24 0.04 0.6365274459344763 0.5432500462118053 0.3457935644189866 
0.25 0.0 0.62 0.12 0.7688481274341091 0.6869456179454557 0.5281568520064306 
0.14 0.5 0.07 0.28 0.7333355996129367 0.650845758017387 0.4772883642112168 
0.41 0.21 0.35 0.02 0.740260616020082 0.6577372995807189 0.4868970185670082 
0.06 0.54 0.27 0.12 0.7501825214181415 0.6623580436246319 0.4968894272479137 
0.09 0.05 0.13 0.72 0.6291351346420524 0.5459332438430367 0.3434657848707613 
0.08 0.32 0.22 0.37 0.7483008568606312 0.6675996893438612 0.4995654195759025 
0.31 0.59 0.02 0.07 0.7288817988005074 0.6418476028067966 0.46783103528961156 
0.1 0.73 0.08 0.08 0.7699376900589421 0.684908045506793 0.527336518460285 
0.78 0.08 0.05 0.08 0.7044519110218214 0.609223516745919 0.42916867061109726 
0.0 0.52 0.32 0.15 0.6465448398077114 0.5587756790024739 0.36127353186909966 
0.1 0.64 0.01 0.24 0.7673832869163904 0.6748058331148143 0.5178347182459994 
0.47 0.25 0.01 0.26 0.7031985360170174 0.6175207610685596 0.4342396951435255 
0.26 0.08 0.29 0.36 0.7545567324686684 0.6672734523841715 0.503495675894088 
0.25 0.26 0.33 0.15 0.7943731494043518 0.7092032036409917 0.5633719824439504 
0.1 0.37 0.18 0.35 0.7395839954759692 0.6592420860151502 0.48756489596099734 
0.55 0.14 0.04 0.26 0.6716624616850787 0.5787727885899586 0.38873995594066924 
0.08 0.27 0.33 0.31 0.6640783560085012 0.5847337557417744 0.38830903121567406 
