0.16362773351299398 0.02482803946041101 0.040694942174059556 0.770760885893943 0.4708722727974382 
0.10419122987372542 0.14081390253422166 0.5282825423341271 0.2266490702131806 0.47089435337418084 
0.08520124330383727 0.1073515599408359 0.19913226958175223 0.6082596184073583 0.4708722727974382 
0.5881939097008112 0.16573137269842275 0.0653513917953289 0.18070786965832142 0.47174822447662174 
0.2694971885628882 0.07469424201724117 0.24011352838092193 0.4156337796926135 0.47087165131399533 
0.728250887470355 0.019902530379751204 0.19303162247731198 0.05872195649792378 0.8646692924238792 
0.8621826221729204 0.05658557078265536 0.032993360558491114 0.04820691476540717 0.8698550256836194 
0.7921770689859639 0.10911276997867775 0.05128970853123197 0.04732046643858058 0.8695545442998611 
0.023102593106088976 0.009679314526757965 0.021767030387910946 0.9453633715050973 0.4708722727974382 
0.16914005179700742 0.7843490874773006 0.04524870922734059 0.0011993741885999443 0.869540643820416
0.8858184687552629 0.032135562376174764 0.0725141310373083 0.009513415205356979 0.8780673725380558
0.9041021648258172 0.04883154344538673 0.04524470814718054 0.0017215941088887096 0.8703919267759362