0.22365130970334923 0.25639646253432113 0.32772498206524936 0.19070428960334462 0.7602081137157555 0.6738479805609792 0.512264702233433 
0.05180377955021509 0.11944686704769647 0.612429313970894 0.2151923992495829 0.7971401700775319 0.7152800695215004 0.5701784762714377 
0.2554303563205186 0.12105808208008495 0.6207303572544945 0.0017153052559982784 0.7189227857000006 0.6322741876891893 0.454556320339717 
0.2538384264785515 0.1194309849877837 0.5665466491449607 0.058540443958116306 0.7997517972909438 0.7129731851903867 0.5702015862762606 
0.008818863486372897 0.12073491693755845 0.5978917047724099 0.27055451555519433 0.7734474726390417 0.6952004355153171 0.537701019826883 
0.05189335652047167 0.11765964599833978 0.5598311097702457 0.26952445768016187 0.7612111748673799 0.6869420374349353 0.5229079553816388 
0.1959340441483686 0.2989105328211437 0.06099058670011487 0.44216484233011916 0.7732750931890066 0.6925686684354302 0.5355461016241935 
0.2078492046337933 0.11782891249737515 0.5778615588499263 0.09519276020375855 0.6423991072984808 0.5670166222955403 0.36425097198605494 
0.12278125110816551 0.2605471130849104 0.315675713120828 0.2997220804406454 0.7814789311254969 0.7010005525748596 0.547817162544584 
0.18969295098723366 0.11414193083568641 0.605087303420451 0.09007777788143588 0.5847287507480211 0.5060967799272753 0.29592933788447184 
0.3165419048194658 0.22002393648950275 0.1558151217074139 0.30597531522891197 0.6900126641945391 0.6079830686154098 0.41951601696049023 
0.11229472140989771 0.3197571219487634 0.5455026263868251 0.02135291325451416 0.6640522024648293 0.574532429237882 0.3815195250228842 
0.10129786631972251 0.20999999872902342 0.2509079114077879 0.43636939277597925 0.7820061367186022 0.692014253852135 0.5411593932091142 
0.19482912482286874 0.11580462185675966 0.20456378321089697 0.4831478343738579 0.7596918164784259 0.6600411492193873 0.501427859600984 
0.19454901021445636 0.3941315631171153 0.05258313470509268 0.3574061174620675 0.7053464264498294 0.626704678226736 0.44204390522661846 
0.008818827020749875 0.1207354861599203 0.5978970930399945 0.2705553694292776 0.6729167964725595 0.5812250453118636 0.3911160955208775 
0.0974918006441845 0.22999339478729308 0.039884763726933614 0.6314826699288498 0.7462237554054431 0.6658733589349651 0.4968905185288862 
0.07450292155868798 0.22343884506838163 0.27850757192589815 0.4217307416451007 0.8105672176622077 0.7244275030532104 0.5871971855478212 
