0.08 0.21 0.41 0.29 0.7323515145790517 0.6456932212380446 0.47287440852710866 
0.29 0.05 0.54 0.11 0.7503533220700409 0.6636449209580234 0.4979681711157626 
0.29 0.0 0.01 0.69 0.7425101460187735 0.6572987207928456 0.4880509691538488 
0.74 0.11 0.06 0.09 0.7499242856808779 0.6505031373781461 0.4878281006314762 
0.71 0.11 0.12 0.05 0.5893674424813337 0.4994097038085827 0.29433581988402474 
0.53 0.06 0.3 0.1 0.7518302822166061 0.6561172365963892 0.493288807157443 
0.0 0.45 0.42 0.12 0.7551110451334399 0.6752076358802689 0.5098567436116289 
0.13 0.21 0.57 0.08 0.7665584783199275 0.6857144992293822 0.5256402630911864 
0.62 0.01 0.24 0.12 0.7273738962371064 0.6285332514336232 0.4571786800098513 
0.09 0.22 0.37 0.31 0.7496870110836718 0.6658378352811402 0.4991699765983401 
0.09 0.16 0.43 0.31 0.7824968702309776 0.6943905795036049 0.5433584551794457 
0.28 0.09 0.41 0.21 0.7575840129699918 0.6775473371866316 0.5132990306829806 
0.1 0.0 0.44 0.45 0.6346748195008223 0.5399953517548929 0.3427214524063197 
0.04 0.02 0.54 0.39 0.7426827875353776 0.6596572182657316 0.48991606167942664 
0.19 0.42 0.31 0.08 0.7205549728803917 0.6380585768541746 0.45975628054126105 
0.19 0.12 0.6 0.09 0.8036630636031906 0.7222316774939305 0.5804309225660437 
0.0 0.64 0.1 0.25 0.6685797277848259 0.5416431848247719 0.3621316530666521 
0.4 0.3 0.08 0.21 0.7380208744936256 0.6530542477898054 0.48196766704560906 
0.22 0.37 0.16 0.24 0.7068361155860249 0.6280032231368129 0.44389535881752845 
0.52 0.19 0.24 0.04 0.6365274459344763 0.5432500462118053 0.3457935644189866 
0.25 0.0 0.62 0.12 0.7688481274341091 0.6869456179454557 0.5281568520064306 
0.14 0.5 0.07 0.28 0.7333355996129367 0.650845758017387 0.4772883642112168 
0.41 0.21 0.35 0.02 0.740260616020082 0.6577372995807189 0.4868970185670082 
0.06 0.54 0.27 0.12 0.7501825214181415 0.6623580436246319 0.4968894272479137 
0.09 0.05 0.13 0.72 0.6291351346420524 0.5459332438430367 0.3434657848707613 
0.08 0.32 0.22 0.37 0.7483008568606312 0.6675996893438612 0.4995654195759025 
0.31 0.59 0.02 0.07 0.7288817988005074 0.6418476028067966 0.46783103528961156 
0.1 0.73 0.08 0.08 0.7699376900589421 0.684908045506793 0.527336518460285 
0.78 0.08 0.05 0.08 0.7044519110218214 0.609223516745919 0.42916867061109726 
0.0 0.52 0.32 0.15 0.6465448398077114 0.5587756790024739 0.36127353186909966 
0.1 0.64 0.01 0.24 0.7673832869163904 0.6748058331148143 0.5178347182459994 
0.47 0.25 0.01 0.26 0.7031985360170174 0.6175207610685596 0.4342396951435255 
0.26 0.08 0.29 0.36 0.7545567324686684 0.6672734523841715 0.503495675894088 
0.25 0.26 0.33 0.15 0.7943731494043518 0.7092032036409917 0.5633719824439504 
0.1 0.37 0.18 0.35 0.7395839954759692 0.6592420860151502 0.48756489596099734 
0.55 0.14 0.04 0.26 0.6716624616850787 0.5787727885899586 0.38873995594066924 
0.08 0.27 0.33 0.31 0.6640783560085012 0.5847337557417744 0.38830903121567406 
0.04 0.12 0.22 0.61 0.7310366951525975 0.6450947826172053 0.47158795794466507 
0.36 0.07 0.53 0.03 0.6783061852381477 0.5701601988814109 0.3867431894778734 
0.07 0.47 0.03 0.42 0.7140081788789472 0.6264278048060716 0.4472745761087198 
0.06 0.22 0.15 0.56 0.7418281439045744 0.6620862030315973 0.491154179099757 
0.41 0.28 0.21 0.1 0.7125321408139479 0.6260430509658529 0.44607579534639463 
0.12 0.21 0.47 0.19 0.7689038849288214 0.68907350897638 0.5298312980534737 
0.1 0.37 0.18 0.35 0.7301436231207632 0.6524974500880327 0.47641685228433556 
0.07 0.06 0.61 0.25 0.7705624806480192 0.6879192009905306 0.5300847260006666 
0.08 0.57 0.18 0.16 0.7329324257758664 0.6461446863783031 0.4735803923894361 
0.39 0.03 0.17 0.4 0.7091438867167776 0.6242542562009572 0.44268608954183786 
0.0 0.34 0.65 0.0 0.7636900963035015 0.6857844396502497 0.523726784759942 
0.06 0.12 0.49 0.32 0.5542611470242431 0.45572889579171316 0.2525928205136067 
0.02 0.21 0.56 0.2 0.743267626574313 0.6651487697613264 0.4943835474193253 
0.0 0.61 0.14 0.24 0.7739203429988925 0.6878007431372787 0.5323029870436958 
0.28 0.03 0.26 0.42 0.7574053731810734 0.6732982020701073 0.5099596760010553 
0.03 0.3 0.24 0.42 0.5793272585092947 0.4570186764436477 0.2647633769116448 
0.17 0.01 0.37 0.44 0.7830259622777365 0.693702887896709 0.5431873713301653 
0.29 0.16 0.26 0.28 0.6852914462795133 0.5732823925938692 0.39286551994723234 
0.02 0.06 0.7 0.22 0.46905676561085974 0.3955852769347175 0.18555195052227483 
0.02 0.58 0.32 0.08 0.7498725957214047 0.6686339416285729 0.5013902693964521 
0.63 0.16 0.08 0.12 0.7376694575157412 0.6345746797049994 0.4681063597312121 
0.1 0.0 0.78 0.11 0.5956495093032887 0.4665727274894144 0.27791381618336675 
0.17 0.15 0.65 0.02 0.7804563524817438 0.6977780803739557 0.5445853354503706 
0.04 0.13 0.62 0.2 0.766653881657048 0.6787423792168408 0.520360479671731 
0.05 0.23 0.19 0.52 0.7690394572403653 0.6813591871973984 0.5239920995080237 
0.22 0.1 0.66 0.01 0.7637452813208403 0.6797284354574742 0.5191393851602433 
0.06 0.08 0.03 0.82 0.7401758833070011 0.6562785071949205 0.4857615237584004 
0.35 0.3 0.08 0.26 0.7564927244484003 0.6675761064683452 0.5050164675588938 
0.35 0.27 0.31 0.06 0.7242168531305553 0.6133811052855018 0.4442209338396079 
0.59 0.11 0.11 0.18 0.582249628491584 0.5000802210363523 0.29117152291440535 
0.0 0.47 0.12 0.4 0.7317730301730234 0.6426481724910658 0.47027260051894304 
0.37 0.17 0.37 0.08 0.7044891436691776 0.6231846589881653 0.43902682675834104 
0.45 0.17 0.28 0.09 0.7362941290267029 0.652679842921091 0.48056433647686997 
0.43 0.12 0.19 0.25 0.7336743368653649 0.6480021486748453 0.4754225467163487 
0.11 0.0 0.04 0.84 0.6377492621153505 0.5591994942483777 0.3566290648321801 
0.52 0.07 0.3 0.1 0.7173894683824965 0.6245359605671066 0.4480355207369884 
0.76 0.06 0.09 0.08 0.5564500548052278 0.4726980822775138 0.2630328737896486 
0.05 0.17 0.04 0.73 0.5402576525829635 0.45810773127217924 0.24749620752721463 
0.29 0.17 0.45 0.09 0.7493074608807934 0.6694582754924274 0.5016300805748655 
0.06 0.22 0.69 0.02 0.76958103927083 0.6910263262093091 0.5318007582876637 
0.31 0.01 0.12 0.55 0.6593153688033732 0.5782377446024136 0.38124103183857105 
0.06 0.48 0.09 0.36 0.6103641045479008 0.5393296563476103 0.32918746275273625 
0.13 0.57 0.21 0.09 0.7222641764672678 0.6399405642552007 0.46220614462978127 
0.22365130970334923 0.25639646253432113 0.32772498206524936 0.19070428960334462 0.7602081137157555 0.6738479805609792 0.512264702233433 
0.05180377955021509 0.11944686704769647 0.612429313970894 0.2151923992495829 0.7971401700775319 0.7152800695215004 0.5701784762714377 
0.2554303563205186 0.12105808208008495 0.6207303572544945 0.0017153052559982784 0.7189227857000006 0.6322741876891893 0.454556320339717 
0.2538384264785515 0.1194309849877837 0.5665466491449607 0.058540443958116306 0.7997517972909438 0.7129731851903867 0.5702015862762606 
0.008818863486372897 0.12073491693755845 0.5978917047724099 0.27055451555519433 0.7734474726390417 0.6952004355153171 0.537701019826883 
0.05189335652047167 0.11765964599833978 0.5598311097702457 0.26952445768016187 0.7612111748673799 0.6869420374349353 0.5229079553816388 
0.1959340441483686 0.2989105328211437 0.06099058670011487 0.44216484233011916 0.7732750931890066 0.6925686684354302 0.5355461016241935 
0.2078492046337933 0.11782891249737515 0.5778615588499263 0.09519276020375855 0.6423991072984808 0.5670166222955403 0.36425097198605494 
0.12278125110816551 0.2605471130849104 0.315675713120828 0.2997220804406454 0.7814789311254969 0.7010005525748596 0.547817162544584 
0.18969295098723366 0.11414193083568641 0.605087303420451 0.09007777788143588 0.5847287507480211 0.5060967799272753 0.29592933788447184 
0.3165419048194658 0.22002393648950275 0.1558151217074139 0.30597531522891197 0.6900126641945391 0.6079830686154098 0.41951601696049023 
0.11229472140989771 0.3197571219487634 0.5455026263868251 0.02135291325451416 0.6640522024648293 0.574532429237882 0.3815195250228842 
0.10129786631972251 0.20999999872902342 0.2509079114077879 0.43636939277597925 0.7820061367186022 0.692014253852135 0.5411593932091142 
0.19482912482286874 0.11580462185675966 0.20456378321089697 0.4831478343738579 0.7596918164784259 0.6600411492193873 0.501427859600984 
0.19454901021445636 0.3941315631171153 0.05258313470509268 0.3574061174620675 0.7053464264498294 0.626704678226736 0.44204390522661846 
0.008818827020749875 0.1207354861599203 0.5978970930399945 0.2705553694292776 0.6729167964725595 0.5812250453118636 0.3911160955208775 
0.0974918006441845 0.22999339478729308 0.039884763726933614 0.6314826699288498 0.7462237554054431 0.6658733589349651 0.4968905185288862 
0.07450292155868798 0.22343884506838163 0.27850757192589815 0.4217307416451007 0.8105672176622077 0.7244275030532104 0.5871971855478212 
0.23146579985243987 0.5605030978646671 0.028539912814497415 0.17762284171088905 0.7290276406579828 0.6454248025289514 0.47053252100982584 
0.6268304908267407 0.11561376598878359 0.14869124760663377 0.10772660434654646 0.5294076812671964 0.44885976019944895 0.23762980486134008 
0.06251402355381563 0.032558972373747164 0.7311329088742289 0.17217501495146914 0.7872750304395173 0.710541235551094 0.5593913728470198 
0.5616037724447653 0.10456679356676435 0.044182895123814014 0.28816813936979924 0.6826339341951541 0.5903953954306137 0.4030239315135035 
0.07280356221973117 0.38045377869836405 0.11209333737782745 0.43303834973709654 0.7557821779047696 0.6735414444557635 0.5090506197999014 
0.33736707260457577 0.640706735226169 0.004732130332820272 0.01592290331926305 0.630861429676288 0.5593252421161419 0.3528567218954252 
0.07450292155868798 0.22343884506838163 0.27850757192589815 0.4217307416451007 0.764875940338587 0.6830880177611404 0.5224775899190737 
0.0677914354701813 0.37163268372004854 0.185177356526254 0.37395808521788454 0.7267008879874094 0.6378394103804024 0.463518465916804 
0.25977337785136323 0.25639630595166996 0.3144918684350342 0.16773304634385444 0.7472301568706413 0.6678592751021429 0.4990445909020871 
0.4088066967265479 0.21848876505144021 0.1491884087955253 0.22196721335006986 0.7750474465795409 0.6915045892210735 0.5359488661738273 
0.03527371988232142 0.19157707139636648 0.6460574404710218 0.12525908698330823 0.7791089201500043 0.7035017280145885 0.5481044716371082 
0.5140041830135375 0.36016792307471024 0.04107536026500791 0.08336408655280558 0.7011789173262283 0.6140369916309812 0.43054979299006574 
0.6873490348122496 0.001387538418495593 0.04710885170236345 0.2624781122390685 0.7161256357450727 0.608930815007508 0.4360709670220169 
0.21459908472980993 0.3802787986566625 0.22162938950686883 0.18202025521946963 0.6894608928964473 0.6140400992543568 0.4233566351061319 
0.6452900614515961 0.27179698539779296 0.015573671419989443 0.06561412346994433 0.7185043158042952 0.625169290908386 0.44918683362598627 
0.5689915850204251 0.17780496055796113 0.13708763083914766 0.11462967728279538 0.7075792572050329 0.6181255956405357 0.43737284982274877 
0.025003595433763515 0.6876765423536271 0.19181030304617508 0.09437114241316458 0.7429269559054171 0.6375407187851561 0.47364618547280757 
0.4560790190487809 0.1526842396951693 0.37376827896304776 0.016006033703480416 0.7463236125035498 0.666601737901245 0.49750061713160165 
0.08863900578446371 0.258334863015912 0.023444423541107873 0.6279094671909035 0.8004453893964679 0.7122213487343035 0.5700942948241071 
0.3094652064463608 0.06682100270734859 0.1562812441455611 0.46578654607813097 0.6038862609645806 0.536639372012831 0.3240691438512091 
0.24231279287221708 0.5951482840728094 0.15150496125528035 0.00995945669974585 0.7261801694433377 0.6260771882795496 0.4546448386694518 
0.21584465523216156 0.22305501066308342 0.4864109779542335 0.073239532573247 0.7553423638634219 0.6756256725757889 0.5103286926102106 