0.301173452796492 0.4026979292115339 0.09211585963880309 0.20400137518202055 0.5286473153332548 
0.12719052568869083 0.6154846944359303 0.08970722614187054 0.16755877484481596 0.5366599676150802 
0.13999543776749823 0.09488859451876375 0.4725641155788717 0.2925417425911466 0.5414861867091332 
0.09660764904958596 0.187144222112691 0.20749858585665015 0.5086668874840937 0.24116771362519748 
0.15679366936538475 0.6676402089070937 0.08166499294656371 0.09384482686619455 0.49497028348691535 
0.023001396186119627 0.42034145588182636 0.1163311424460316 0.4402772099390557 0.4675499074302497 
0.23890594252281458 0.042860910227237266 0.44750067913944636 0.27063417048125143 0.5326600102981328 
0.14990363023151698 0.3291140694123143 0.5063193632323891 0.014563546138551087 0.5365469720274971 
0.044256818222798235 0.10667726668097184 0.5789267244041535 0.2700392555859571 0.509752171239346 
0.0053847745918675916 0.6596777169442486 0.038915143277403086 0.29593958639790363 0.5290888222719426 
0.6101945216855986 0.01532359584819098 0.013276307577856482 0.36121556819557 0.522564079755004 
0.5666541935507454 0.06211869616468729 0.0759310662679683 0.2953060005799064 0.527138664608407 
0.023102593106088976 0.009679314526757965 0.021767030387910946 0.9453633715050973 0.2398234682557231 
0.04341078160634923 0.1919902367417237 0.4007337868968964 0.36376592953814096 0.5298445463915447 
0.014720288126733538 0.03335956130107376 0.9241229342622933 0.027767314841593782 0.5009794691804794 
0.904203856235132 0.04883752674578963 0.04524470802421812 0.0017205656957778278 0.5272268713142266 
